["/Users/kai/fivestars/fhack/receipts-4/1494458590-fc5aadbb19c04a8cbae6992ea6044431-6ac743b-YH9xsL.receipt", [[458, 0], [467, 0], [500, 0], [509, 0], [592, 0], [601, 0], [634, 0], [643, 0], [676, 0], [685, 0], [812, 0], [921, 0], [958, 0], [1034, 0], [769, 1], [885, 2]]]
["receipts-4/1494458676-2e1ad5404b68489c8438f664a6fc7a0c-374fb9d5-FLstZ8.receipt", [[436, 0], [445, 0], [478, 0], [487, 0], [520, 0], [529, 0], [562, 0], [571, 0], [604, 0], [613, 0], [646, 0], [655, 0], [688, 0], [697, 0], [824, 0], [781, 1], [940, 2], [897, 2]]]
["receipts-4/1494458891-3c728c0f48f74bff8656c4de5813f181-7c835cc1-umH0yu.receipt", [[469, 0], [762, 0], [797, 0], [567, 1], [665, 2]]]
["receipts-4/1494459213-1425c8ff5a0b4c7a96d5d83a8a9e7da8-cc907d87-8y72Mc.receipt", [[520, 0], [529, 0], [562, 0], [571, 0], [604, 0], [613, 0], [646, 0], [655, 0], [688, 0], [697, 0], [824, 0], [781, 1], [897, 2], [940, 2]]]
["receipts-4/1494459736-8e39d450e44e4136ae36cd66eec3d7b9-5706ac22-7jbRQE.receipt", [[448, 0], [457, 0], [490, 0], [499, 0], [532, 0], [540, 0], [574, 0], [583, 0], [616, 0], [625, 0], [752, 0], [709, 1], [825, 2], [868, 2]]]
["receipts-4/1494459839-a6d2e725fbbd4cdc8607d91817e44c83-cc045f74-QhP01S.receipt", [[460, 0], [469, 0], [502, 0], [511, 0], [544, 0], [553, 0], [586, 0], [595, 0], [628, 0], [637, 0], [670, 0], [679, 0], [712, 0], [721, 0], [848, 0], [957, 0], [993, 0], [805, 1], [921, 2]]]
["receipts-4/1494459997-64d99ed15b9e45deb6c40a8f78e6d84d-ba64f04f-0U7iPS.receipt", [[423, 0], [432, 0], [465, 0], [474, 0], [507, 0], [516, 0], [643, 0], [752, 0], [789, 0], [865, 0], [600, 1], [716, 2]]]
["receipts-4/1494460211-b0fbd89c32ca442abf0e70aeead222ef-52e8c10a-iN1JmE.receipt", [[433, 0], [442, 0], [475, 0], [484, 0], [517, 0], [526, 0], [559, 0], [567, 0], [601, 0], [610, 0], [643, 0], [652, 0], [685, 0], [694, 0], [821, 0], [778, 1], [937, 2], [894, 2]]]
["receipts-4/1494460577-0bf3e24f1e234a1e9edfa4695f5e7745-80f9a237-Hy_1AQ.receipt", [[387, 0], [485, 0], [534, 0], [583, 0], [681, 0], [764, 0], [1459, 0], [1507, 0], [1557, 0], [1606, 0], [1655, 0], [1752, 0], [1802, 0], [1851, 0], [1948, 0], [2046, 0], [2242, 0], [2276, 0], [2331, 0], [2365, 0], [12644, 0], [12692, 0], [12742, 0], [12791, 0], [12840, 0], [12987, 0], [13036, 0], [13217, 0], [13418, 0], [13467, 0], [13551, 0], [13605, 0], [13654, 0], [13689, 0], [12937, 1], [13133, 2]]]
["receipts-4/1494461245-85aae9ac65914d3eaa5109f596547fcc-bcb8f9d4-6QrAQ-.receipt", [[1268, 0], [1317, 0], [1415, 0], [1464, 0], [1513, 0], [1611, 0], [1694, 0], [2389, 0], [2438, 0], [2487, 0], [2535, 0], [2584, 0], [2682, 0], [2732, 0], [2781, 0], [2878, 0], [2961, 0], [7242, 0], [7290, 0], [7388, 0], [7437, 0], [7487, 0], [7536, 0], [7683, 0], [7732, 0], [7927, 0], [8011, 0], [7633, 1], [7829, 2]]]
["receipts-4/1494461349-d4cc79cec1f241378f6ca1a918dcf467-f0761741-QwdnsL.receipt", [[448, 0], [457, 0], [539, 0], [548, 0], [724, 0], [834, 0], [682, 1], [798, 2]]]
["receipts-4/1494461584-ee1c23d59b3249a8bb806db529d33ec3-de4084c4-ZTI-xp.receipt", [[528, 0], [537, 0], [570, 0], [579, 0], [612, 0], [621, 0], [654, 0], [663, 0], [790, 0], [899, 0], [936, 0], [1012, 0], [747, 1], [863, 2]]]
["receipts-4/1494461972-8c1649aaf3f54c2b98a9058454eb464c-2f5f3eb-oZ4vYG.receipt", [[440, 0], [449, 0], [482, 0], [491, 0], [524, 0], [533, 0], [566, 0], [575, 0], [608, 0], [617, 0], [650, 0], [659, 0], [786, 0], [895, 0], [932, 0], [743, 1], [859, 2]]]
["receipts-4/1494462225-c037d895371a46dd9c5e49a249dc1457-fabeefc-yNysh5.receipt", [[378, 0], [665, 0], [1024, 0], [1191, 0], [1239, 0], [1285, 0], [1408, 0], [1423, 0], [1437, 0], [978, 1], [1083, 2]]]
["receipts-4/1494462260-0501d41ec822434e93c6bd69914b35b4-f0db42ee--EswWE.receipt", [[391, 0], [433, 0], [475, 0], [517, 0], [572, 0], [627, 0], [713, 0], [670, 1], [795, 2]]]
["receipts-4/1494462276-88c6373f20f6474fb4249f4dbc42698c-25e696cc--xNQwk.receipt", [[516, 0], [524, 0], [558, 0], [567, 0], [694, 0], [803, 0], [840, 0], [916, 0], [651, 1], [767, 2]]]
["receipts-4/1494462420-84ff005194854b6499cc383b95b2ec56-e2460429-sjwUpX.receipt", [[383, 0], [667, 0], [952, 0], [1234, 0], [1597, 0], [1765, 0], [1934, 0], [2059, 0], [2073, 0], [2087, 0], [1551, 1], [1657, 2]]]
["receipts-4/1494462468-8fcf3d38daf74dc6a1f85971762bc206-986dea18-jfF7E7.receipt", [[380, 0], [663, 0], [1024, 0], [1192, 0], [1361, 0], [1486, 0], [1501, 0], [1514, 0], [979, 1], [1084, 2]]]
["receipts-4/1494462480-a29a7e87fcd34fc9ba0c708b1d910f48-3ff68296-wqcjid.receipt", [[452, 0], [461, 0], [494, 0], [503, 0], [630, 0], [740, 0], [588, 1], [704, 2]]]
["receipts-4/1494462490-65d7450535a54fe287fabee6b6d69a4c-e8054985-AhbnAA.receipt", [[428, 0], [437, 0], [470, 0], [479, 0], [512, 0], [521, 0], [554, 0], [563, 0], [596, 0], [605, 0], [638, 0], [647, 0], [680, 0], [689, 0], [722, 0], [731, 0], [764, 0], [773, 0], [806, 0], [815, 0], [848, 0], [857, 0], [890, 0], [899, 0], [1026, 0], [1142, 0], [983, 1], [1099, 2]]]
["receipts-4/1494462585-c973dce8c4254a0baa2f0079673a2b93-db8d1e13-P55z79.receipt", [[401, 0], [685, 0], [1045, 0], [1213, 0], [1382, 0], [1506, 0], [1521, 0], [1535, 0], [999, 1], [1105, 2]]]
["receipts-4/1494462614-1e010b3cc4dc4dccba0e6b7ef5464493-83ecc244-lFeXAD.receipt", [[379, 0], [428, 0], [514, 0], [654, 0], [786, 0], [472, 1], [603, 2]]]
["receipts-4/1494462658-5993ad73555f417a94414851db7255a0-6706607a-5ZDYyG.receipt", [[188, 0], [199, 0], [243, 0], [255, 0], [348, 0], [272, 1], [327, 2]]]
["receipts-4/1494462813-b55e5ce3f4ea408399cde19b062215f8-6ffc254f-SxlfuJ.receipt", [[348, 0], [434, 0], [476, 0], [604, 0], [688, 0], [392, 1], [559, 2]]]
["receipts-4/1494462968-ce0f8f3f765549b1866ea4557a139b41-f6fa2dc6--nIz5y.receipt", [[464, 0], [473, 0], [600, 0], [717, 0], [558, 1], [674, 2]]]
["receipts-4/1494463047-e2b87f08211143098ba047954b5c818b-8d5f3a41-wURG7q.receipt", [[431, 0], [440, 0], [473, 0], [482, 0], [564, 0], [573, 0], [606, 0], [615, 0], [742, 0], [858, 0], [699, 1], [815, 2]]]
["receipts-4/1494463206-4f992f9b544a485587128b30e798c0b8-56a90bb2-p8aq5e.receipt", [[390, 0], [462, 0], [519, 0], [577, 0], [705, 0], [844, 0], [929, 0], [621, 1], [662, 1], [793, 2]]]
["receipts-4/1494463286-1979c4bca69543bca423996b46a71eec-273ad740-OBeQvx.receipt", [[401, 0], [766, 0], [934, 0], [1103, 0], [1227, 0], [1242, 0], [1256, 0], [720, 1], [826, 2]]]
["receipts-4/1494463325-003ffc8741a6456faac673fb44746cc8-ab12e2c8-sKzmer.receipt", [[425, 0], [708, 0], [988, 0], [1385, 0], [1736, 0], [2002, 0], [2047, 0], [2108, 0], [2216, 0], [2264, 0], [2390, 0], [2403, 0], [2416, 0], [3913, 0], [4196, 0], [4476, 0], [4873, 0], [5224, 0], [5535, 0], [5704, 0], [5752, 0], [5878, 0], [5891, 0], [5904, 0], [5490, 1], [5596, 2]]]
["receipts-4/1494463334-cff000888fc041f9a86612b4daccff57-782039c0-knp4uf.receipt", [[271, 0], [313, 0], [355, 0], [397, 0], [439, 0], [525, 0], [613, 0], [660, 0], [482, 1], [569, 2]]]
["receipts-4/1494463365-a959072d606041109fe5879c78f9f38a-14ae3358-8taLms.receipt", [[442, 0], [450, 0], [484, 0], [493, 0], [526, 0], [535, 0], [568, 0], [577, 0], [610, 0], [619, 0], [652, 0], [661, 0], [694, 0], [703, 0], [830, 0], [946, 0], [787, 1], [903, 2]]]
["receipts-4/1494463440-b192ab15f7ba46ca99d446eecdc11d65-4e5fcb67-IKNJaP.receipt", [[451, 0], [460, 0], [493, 0], [502, 0], [629, 0], [738, 0], [775, 0], [586, 1], [702, 2]]]
["receipts-4/1494463618-f3c96883d5664b91a847b9a1227b3f5e-f5412419-FX6BxX.receipt", [[86, 0], [233, 0], [429, 0], [463, 0], [184, 1], [331, 2]]]
["receipts-4/1494463719-5bffb96ebd464bfea2194ba82294b99c-5cf3763a-GGZEHK.receipt", [[508, 0], [517, 0], [599, 0], [608, 0], [690, 0], [699, 0], [781, 0], [790, 0], [966, 0], [1075, 0], [1112, 0], [923, 1], [1039, 2]]]
["receipts-4/1494463852-b13f7f07fa0e410b859a0f6810508743-7e485354-ZcWgL7.receipt", [[428, 0], [825, 0], [1057, 0], [1288, 0], [1553, 0], [1599, 0], [1660, 0], [1768, 0], [1816, 0], [1943, 0], [1955, 0], [1969, 0], [3469, 0], [3866, 0], [4098, 0], [4329, 0], [4640, 0], [4809, 0], [4857, 0], [4984, 0], [4996, 0], [5010, 0], [4594, 1], [4701, 2]]]
["receipts-4/1494463879-7330dc5fad074a2486fc81c6c0d29ece-9219a0b1-GW0VR5.receipt", [[401, 0], [446, 0], [490, 0], [534, 0], [577, 0], [621, 0], [666, 0], [709, 0], [753, 0], [867, 0], [876, 0], [886, 0], [1025, 0], [841, 1], [934, 2]]]
["receipts-4/1494463920-79450218764b46078eb9e6960bbfd332-282b9964-Uds21t.receipt", [[495, 0], [858, 0], [904, 0], [965, 0], [1073, 0], [1121, 0], [1248, 0], [1260, 0], [1274, 0], [2329, 0], [2738, 0], [2907, 0], [2955, 0], [3082, 0], [3094, 0], [3108, 0], [2692, 1], [2799, 2]]]
["receipts-4/1494463947-141ba14fcdaf4a89a2dc9726ad3bf0fe-b0afe99c-SOprn0.receipt", [[602, 0], [645, 0], [774, 0], [937, 0], [731, 1], [845, 2]]]
["receipts-4/1494464018-c1380912120f45ee85c2c1f6ad77d2f7-5cfccef4-c05paS.receipt", [[403, 0], [686, 0], [966, 0], [1327, 0], [1495, 0], [1664, 0], [1789, 0], [1803, 0], [1817, 0], [1281, 1], [1387, 2]]]
["receipts-4/1494464020-cb74ee0d4ae44217a44c16b6720ef210-33d4f9cb-fFYsrz.receipt", [[407, 0], [691, 0], [975, 0], [1259, 0], [1542, 0], [1828, 0], [2229, 0], [2542, 0], [2710, 0], [2852, 0], [2977, 0], [2991, 0], [3005, 0], [2496, 1], [2602, 2]]]
["receipts-4/1494464156-0ace268b5eeb489193c80be2a559a0d4-a58f1bd5-EBmhXX.receipt", [[393, 0], [451, 0], [552, 0], [739, 0], [781, 0], [823, 0], [950, 0], [1034, 0], [696, 1], [655, 1], [905, 2]]]
["receipts-4/1494464179-3d007ad238594bb3969a25f90cd13d53-57d67dbb-YFH6sQ.receipt", [[347, 0], [632, 0], [916, 0], [1203, 0], [1488, 0], [1847, 0], [2015, 0], [2063, 0], [2109, 0], [2232, 0], [2247, 0], [2261, 0], [1801, 1], [1907, 2]]]
["receipts-4/1494464296-0db15c90c79d41d7ac3cc20e8ced8c50-5c982eba-rQBGrU.receipt", [[405, 0], [690, 0], [975, 0], [1261, 0], [1544, 0], [1830, 0], [2114, 0], [2250, 0], [2535, 0], [2795, 0], [2964, 0], [3089, 0], [3103, 0], [3117, 0], [2489, 1], [2595, 2]]]
["receipts-4/1494464387-2e1ad5404b68489c8438f664a6fc7a0c-50dbe23a-5_XTAm.receipt", [[436, 0], [445, 0], [527, 0], [536, 0], [569, 0], [578, 0], [660, 0], [669, 0], [751, 0], [760, 0], [793, 0], [802, 0], [885, 0], [894, 0], [976, 0], [985, 0], [1067, 0], [1076, 0], [1158, 0], [1167, 0], [1294, 0], [1410, 0], [1251, 1], [1367, 2]]]
["receipts-4/1494464419-9d9ed2dae3b349a9a8adecd682254c83-315b791-F0l0or.receipt", [[439, 0], [487, 0], [542, 0], [591, 0], [641, 0], [788, 0], [983, 0], [1032, 0], [1075, 0], [1159, 0], [738, 1], [885, 2]]]
["receipts-4/1494464444-b1615127d40c49a1a7603dc7cc4b0fd0-96e5c25e-I37D4h.receipt", [[514, 0], [563, 0], [613, 0], [710, 0], [940, 0], [759, 1], [857, 2]]]
["receipts-4/1494464451-c1d97d6fcb524e1dbf2c8509b690042d-973c7f34-PhN2m0.receipt", [[509, 0], [518, 0], [551, 0], [560, 0], [593, 0], [602, 0], [635, 0], [644, 0], [677, 0], [686, 0], [813, 0], [922, 0], [959, 0], [770, 1], [886, 2]]]
["receipts-4/1494464457-2aa909c617744aebb895e5ed162a7adb-e97db307-C2Spj-.receipt", [[451, 0], [459, 0], [493, 0], [502, 0], [629, 0], [738, 0], [775, 0], [851, 0], [586, 1], [702, 2]]]
["receipts-4/1494464495-5b9047d0e77a4c6eb8046504e47c824c-31b070be-eYm05P.receipt", [[598, 0], [899, 0], [985, 0], [1028, 0], [1157, 0], [1319, 0], [1113, 1], [1227, 2]]]
["receipts-4/1494464602-b3eaaa9143734a45a9566f0ee5a8e751-ea9fef7d-Ddsr3M.receipt", [[393, 0], [523, 0], [479, 1], [568, 2]]]
["receipts-4/1494464660-60ce25b64c8445e99ea14c34c6136ef7-43ecc2d-Gcy0PI.receipt", [[404, 0], [686, 0], [968, 0], [1250, 0], [1532, 0], [1814, 0], [2096, 0], [2457, 0], [2625, 0], [2794, 0], [2919, 0], [2933, 0], [2947, 0], [2411, 1], [2517, 2]]]
["receipts-4/1494464712-59002e3fbc5241a48afd337d82adb05b-d42ff5dc-graXo6.receipt", [[403, 0], [683, 0], [966, 0], [1247, 0], [1527, 0], [1810, 0], [2091, 0], [2372, 0], [2653, 0], [2934, 0], [3215, 0], [3496, 0], [3892, 0], [4204, 0], [4371, 0], [4540, 0], [4665, 0], [4679, 0], [4693, 0], [4709, 0], [4722, 0], [4735, 0], [4158, 1], [4263, 2]]]
["receipts-4/1494464826-fdd890a84b834b66b625c76259bdfa39-2c3fed68-GnX8q0.receipt", [[606, 0], [649, 0], [692, 0], [735, 0], [864, 0], [1027, 0], [1098, 0], [821, 1], [935, 2]]]
["receipts-4/1494464886-45db27eeb05941c6b5b83b8a73e9eebf-ec15b52c-eNXGed.receipt", [[396, 0], [466, 0], [530, 0], [616, 0], [699, 0], [742, 0], [573, 1], [823, 2]]]
["receipts-4/1494464927-a27d8e60e4d94302a7743c7c533ef120-1afeeab2-5h_U_c.receipt", [[598, 0], [640, 0], [684, 0], [1028, 0], [1191, 0], [985, 1], [1099, 2]]]
["receipts-4/1494465041-79775fdf77b94321a20ecd670e7b6940-1e246105-nKv9BX.receipt", [[376, 0], [659, 0], [942, 0], [1304, 0], [1472, 0], [1614, 0], [1738, 0], [1753, 0], [1767, 0], [1258, 1], [1364, 2]]]
["receipts-4/1494465056-44938ec7f1184f7892152f5c2c3f1eb2-2cfc052f-W4Vw0C.receipt", [[602, 0], [946, 0], [1109, 0], [903, 1], [1017, 2]]]
["receipts-4/1494465058-f9b3d43a241f4418965839c76415f26c-8f555590-Tb_zV5.receipt", [[381, 0], [863, 0], [911, 0], [956, 0], [695, 1], [755, 2]]]
["receipts-4/1494465073-11e116c086ff4dbea4e5174cc7222ee2-1e3be733-zs4i9h.receipt", [[400, 0], [800, 0], [1112, 0], [1280, 0], [1328, 0], [1373, 0], [1497, 0], [1512, 0], [1525, 0], [1067, 1], [1172, 2]]]
["receipts-4/1494465073-4f72d21ee3594b8aa4bddf111ac87096-29337d6c-_cPGNM.receipt", [[381, 0], [454, 0], [582, 0], [498, 1], [539, 1], [670, 2]]]
["receipts-4/1494465144-1ad870d97cc64b73968f5dd58371a6f4-3f191196-WXTbSz.receipt", [[507, 0], [551, 0], [594, 0], [723, 0], [885, 0], [957, 0], [679, 1], [793, 2]]]
["receipts-4/1494465237-88da031190da4e81a65011fbf60764c8-a12fe8cc-bvujNk.receipt", [[359, 0], [488, 0], [615, 0], [740, 0], [445, 1], [404, 1], [570, 2]]]
["receipts-4/1494465289-f063a79c50c7423688497afd3ed66b98-59f5879e-TXPYjT.receipt", [[486, 0], [535, 0], [584, 0], [731, 0], [926, 0], [961, 0], [1189, 0], [1238, 0], [1287, 0], [682, 1], [828, 2]]]
["receipts-4/1494465294-b0840b5590544b4a884ece313b94678b-a5f3aca3-vOYQgT.receipt", [[381, 0], [665, 0], [949, 0], [1233, 0], [1517, 0], [1801, 0], [2086, 0], [2369, 0], [2652, 0], [2788, 0], [2994, 0], [3130, 0], [3414, 0], [3673, 0], [3842, 0], [3968, 0], [3981, 0], [3996, 0], [3367, 1], [3473, 2]]]
["receipts-4/1494465318-79450218764b46078eb9e6960bbfd332-493884d0-1f9lpf.receipt", [[401, 0], [683, 0], [1046, 0], [1214, 0], [1356, 0], [1481, 0], [1495, 0], [1509, 0], [1000, 1], [1106, 2]]]
["receipts-4/1494465326-fa3ddaebe2ed4f24b089b9ea49caadff-27321172-KZMpAI.receipt", [[542, 0], [774, 0], [1038, 0], [1084, 0], [1145, 0], [1253, 0], [1301, 0], [1427, 0], [1440, 0], [1454, 0], [2473, 0], [2705, 0], [3015, 0], [3184, 0], [3232, 0], [3358, 0], [3371, 0], [3385, 0], [2969, 1], [3076, 2]]]
["receipts-4/1494465375-0501d41ec822434e93c6bd69914b35b4-fd523cfa-tTdEaY.receipt", [[375, 0], [417, 0], [458, 0], [514, 0], [571, 0], [614, 0], [669, 0], [783, 0], [866, 0], [908, 0], [740, 1], [991, 2]]]
["receipts-4/1494465458-60ce25b64c8445e99ea14c34c6136ef7-b84f92e9-G-qAoC.receipt", [[404, 0], [687, 0], [1046, 0], [1214, 0], [1356, 0], [1481, 0], [1495, 0], [1509, 0], [1000, 1], [1106, 2]]]
["receipts-4/1494465494-f063a79c50c7423688497afd3ed66b98-55595f7-XdyRJj.receipt", [[443, 0], [492, 0], [639, 0], [820, 0], [1048, 0], [1097, 0], [1146, 0], [590, 1], [737, 2]]]
["receipts-4/1494465612-17517f9776754553a3873d8c39bbeaf7-39d27741-h5kspW.receipt", [[492, 0], [501, 0], [583, 0], [592, 0], [674, 0], [683, 0], [859, 0], [976, 0], [817, 1], [933, 2]]]
["receipts-4/1494465643-1a60754e8ab445ecaddd5e79eaaa4931-e5abdb45-D2KBrl.receipt", [[428, 0], [478, 0], [526, 0], [576, 0], [624, 0], [674, 0], [722, 0], [870, 0], [1065, 0], [1149, 0], [820, 1], [967, 2]]]
["receipts-4/1494465703-11e116c086ff4dbea4e5174cc7222ee2-2075f391-lW4lI9.receipt", [[400, 0], [683, 0], [964, 0], [1323, 0], [1491, 0], [1539, 0], [1585, 0], [1709, 0], [1723, 0], [1737, 0], [1277, 1], [1383, 2]]]
["receipts-4/1494465713-18aef84fc9da418e9a3f968621db7d72-52d695fb-2DfGqX.receipt", [[395, 0], [523, 0], [565, 0], [705, 0], [788, 0], [481, 1], [439, 1], [654, 2]]]
["receipts-4/1494465753-2f8b58a2322747c6891bfc340ef3b120-e6153642-RYA6R9.receipt", [[399, 0], [448, 0], [687, 0], [730, 0], [925, 0], [974, 0], [1017, 0], [1052, 0], [595, 1], [827, 2]]]
["receipts-4/1494465775-a19c34e24dda4179853518a348574132-ade5999a-OnAYzq.receipt", [[377, 0], [660, 0], [942, 0], [1305, 0], [1473, 0], [1521, 0], [1567, 0], [1691, 0], [1705, 0], [1719, 0], [1259, 1], [1365, 2]]]
["receipts-4/1494465801-10eed29632af4c1a9b3f9db051944fbd-20d401b0-_-5h5e.receipt", [[417, 0], [489, 0], [588, 0], [727, 0], [811, 0], [545, 1], [676, 2]]]
["receipts-4/1494465880-fa3ddaebe2ed4f24b089b9ea49caadff-603c509a-Es5vsV.receipt", [[405, 0], [765, 0], [933, 0], [981, 0], [1027, 0], [1150, 0], [1166, 0], [1179, 0], [720, 1], [825, 2]]]
["receipts-4/1494465987-60ce25b64c8445e99ea14c34c6136ef7-a163b6c3-JOROvh.receipt", [[404, 0], [687, 0], [1046, 0], [1214, 0], [1383, 0], [1508, 0], [1522, 0], [1536, 0], [1000, 1], [1106, 2]]]
["receipts-4/1494466047-200d6fc4aa27438482783adcacd1d808-ec301311-VUilEQ.receipt", [[1166, 0], [1216, 0], [1266, 0], [1316, 0], [1366, 0], [1415, 0], [1463, 0], [1507, 0], [1554, 0], [1647, 0], [1827, 0], [1871, 0], [1782, 1], [1914, 2]]]
["receipts-4/1494466082-d1605d06044e43ed8fe60a6faadb5cac-a51e99c9-XjOJMD.receipt", [[460, 0], [503, 0], [638, 0], [755, 0], [594, 1], [705, 2]]]
["receipts-4/1494466107-01da3d767ad14357bc6b5a6ba1a5ea38-9d738444-BkLXIx.receipt", [[196, 0], [236, 0], [291, 0], [214, 1], [271, 2]]]
["receipts-4/1494466165-570438d7596e4e7dbcc34c6cea6ab876-dc3fc76d-osLFuB.receipt", [[602, 0], [688, 0], [946, 0], [989, 0], [1075, 0], [1161, 0], [1204, 0], [1247, 0], [1332, 0], [1462, 0], [1624, 0], [1418, 1], [1532, 2]]]
["receipts-4/1494466213-e42fcbbce9f94c25b3a7b62e146b2bb4-a7fd3eec-dziRl9.receipt", [[400, 0], [684, 0], [969, 0], [1251, 0], [1536, 0], [1672, 0], [1956, 0], [2216, 0], [2385, 0], [2510, 0], [2524, 0], [2538, 0], [1910, 1], [2016, 2]]]
["receipts-4/1494466282-a3600d106e254a9c97950550eba6bc9f-d524892a-AD8xio.receipt", [[402, 0], [688, 0], [975, 0], [1260, 0], [1619, 0], [1787, 0], [1835, 0], [1881, 0], [2004, 0], [2019, 0], [2033, 0], [1573, 1], [1679, 2]]]
["receipts-4/1494466315-f9b3d43a241f4418965839c76415f26c-f0522cc4-KriVcP.receipt", [[380, 0], [667, 0], [1026, 0], [1194, 0], [1242, 0], [1288, 0], [1411, 0], [1426, 0], [1440, 0], [980, 1], [1086, 2]]]
["receipts-4/1494466326-a2b5f54ff48542a08f13d5f53ef22941-a513ab83-vcEvFq.receipt", [[378, 0], [420, 0], [462, 0], [504, 0], [546, 0], [588, 0], [630, 0], [671, 0], [713, 0], [842, 0], [799, 1], [757, 1], [924, 2]]]
["receipts-4/1494466352-15bf88dd10794cc2bb28fd9b05a58dcb-fcea7590-xSW47y.receipt", [[512, 0], [610, 0], [694, 0], [778, 0], [862, 0], [946, 0], [1032, 0], [1118, 0], [1160, 0], [1075, 1], [1242, 2]]]
["receipts-4/1494466546-6d5fe7e846e54aca9c5c6917b433897f-c21faa36-Wj3paM.receipt", [[405, 0], [688, 0], [1049, 0], [1217, 0], [1386, 0], [1511, 0], [1525, 0], [1539, 0], [1003, 1], [1109, 2]]]
["receipts-4/1494466657-2917eb7fc3ed472682085f31c03010c8-cba2dd3d-7jt3zk.receipt", [[396, 0], [446, 0], [593, 0], [773, 0], [543, 1], [690, 2]]]
["receipts-4/1494466660-9c0c285c25454ff3aa482d6772f17cf3-ed80a760-poqaBf.receipt", [[402, 0], [685, 0], [966, 0], [1247, 0], [1528, 0], [1925, 0], [2369, 0], [2682, 0], [2850, 0], [3019, 0], [3144, 0], [3158, 0], [3172, 0], [2636, 1], [2742, 2]]]
["receipts-4/1494466697-35aa60b7be754360ae0d2f4b95a25273-9f65a003-oCmUUY.receipt", [[354, 0], [410, 0], [466, 0], [552, 0], [594, 0], [721, 0], [805, 0], [509, 1], [676, 2]]]
["receipts-4/1494466774-1d4894e34024420aba6300e97b06b98b-887ee52b-hXUD3_.receipt", [[355, 0], [483, 0], [525, 0], [567, 0], [694, 0], [818, 0], [441, 1], [399, 1], [649, 2]]]
["receipts-4/1494466837-761b02b909eb48d3860cc682b6ef608b-61c0adc8-HcO5AC.receipt", [[396, 0], [445, 0], [494, 0], [683, 0], [768, 0], [963, 0], [1435, 0], [1893, 0], [591, 1], [865, 2]]]
["receipts-4/1494466902-27faaad4e5744140a335c4b2cd7ffd5f-b2841706-pxElwS.receipt", [[426, 0], [468, 0], [509, 0], [560, 0], [646, 0], [603, 1], [734, 2]]]
["receipts-4/1494467020-60856348a2544273a2099774fddf2034-99c2cc61-TuD9k9.receipt", [[407, 0], [689, 0], [1050, 0], [1218, 0], [1266, 0], [1391, 0], [1405, 0], [1419, 0], [1004, 1], [1110, 2]]]
["receipts-4/1494467162-61e882cfb29b4fbf9240f6ee545581a5-3eacecd0-s3T9aY.receipt", [[412, 0], [454, 0], [496, 0], [538, 0], [580, 0], [622, 0], [688, 0], [729, 0], [772, 0], [814, 0], [856, 0], [898, 0], [940, 0], [982, 0], [1035, 0], [1124, 0], [1252, 0], [1377, 0], [1081, 1], [1203, 2]]]
["receipts-4/1494467248-850264fae5c440cbb7897f1d2544fa74-6075ac7d-FaHx2J.receipt", [[154, 0], [160, 0], [531, 0], [580, 0], [628, 0], [873, 0], [1068, 0], [1103, 0], [1329, 0], [781, 1], [970, 2]]]
["receipts-4/1494467255-5fe1220189e14ffcb347664b8cefaf09-bf932fcb-vF2B-J.receipt", [[421, 0], [485, 0], [571, 0], [699, 0], [783, 0], [529, 1], [651, 2]]]
["receipts-4/1494467761-5b0532b7755f43e7a32eec5d7791cb95-ba0b1c2a-l_wS2h.receipt", [[369, 0], [455, 0], [413, 1], [544, 2]]]
["receipts-4/1494467899-b0840b5590544b4a884ece313b94678b-5d128fb4-87vU2q.receipt", [[405, 0], [688, 0], [971, 0], [1370, 0], [1602, 0], [1867, 0], [1912, 0], [1973, 0], [2081, 0], [2129, 0], [2255, 0], [2268, 0], [2281, 0], [3163, 0], [3446, 0], [3729, 0], [4128, 0], [4360, 0], [4670, 0], [4839, 0], [4887, 0], [5013, 0], [5026, 0], [5039, 0], [4625, 1], [4731, 2]]]
["receipts-4/1494467945-248cca0ddcf44c04b8af1431a1cf1663-d2d19c5a-02nGih.receipt", [[381, 0], [423, 0], [466, 0], [552, 0], [509, 1], [640, 2]]]
["receipts-4/1494467970-c037d895371a46dd9c5e49a249dc1457-2211abf2-5vl9uu.receipt", [[379, 0], [664, 0], [1027, 0], [1192, 0], [1361, 0], [1485, 0], [1501, 0], [1514, 0], [982, 1], [1084, 2]]]
["receipts-4/1494468049-1338ac6afb1e4ed1ac8a6645c395f4d9-edae81a9-a1wlsW.receipt", [[606, 0], [692, 0], [950, 0], [1113, 0], [1184, 0], [907, 1], [1021, 2]]]
["receipts-4/1494468174-60ce25b64c8445e99ea14c34c6136ef7-f970b711-DX_yNT.receipt", [[404, 0], [686, 0], [968, 0], [1251, 0], [1387, 0], [1669, 0], [1929, 0], [2098, 0], [2223, 0], [2237, 0], [2251, 0], [1623, 1], [1729, 2]]]
["receipts-4/1494468350-850264fae5c440cbb7897f1d2544fa74-609e86ba-Q78zHM.receipt", [[154, 0], [160, 0], [525, 0], [574, 0], [623, 0], [672, 0], [721, 0], [770, 0], [818, 0], [916, 0], [1015, 0], [1064, 0], [1253, 0], [1296, 0], [1490, 0], [1540, 0], [1582, 0], [1618, 0], [1160, 1], [1392, 2]]]
["receipts-4/1494468439-14de7f2d86c445e0a84c16f400ed84e2-7d4b2cca-PKWAJA.receipt", [[381, 0], [663, 0], [948, 0], [1231, 0], [1592, 0], [1760, 0], [1929, 0], [2054, 0], [2068, 0], [2082, 0], [1546, 1], [1652, 2]]]
["receipts-4/1494468503-850264fae5c440cbb7897f1d2544fa74-a56b0c5e-u5fNDY.receipt", [[154, 0], [160, 0], [524, 0], [574, 0], [672, 0], [720, 0], [819, 0], [868, 0], [917, 0], [966, 0], [1015, 0], [1204, 0], [1247, 0], [1343, 0], [1393, 0], [1589, 0], [1638, 0], [1673, 0], [1111, 1], [1441, 2]]]
["receipts-4/1494468634-61b849f2a5a54d3f9c3c3286bfcf4eab-931164f2-yDeCkq.receipt", [[602, 0], [657, 0], [853, 0], [1049, 0], [1555, 0], [804, 1], [951, 2]]]
["receipts-4/1494468650-e88e3389fb6b40f09d0ba361f329c9a5-69e4db3f-HCIvpu.receipt", [[414, 0], [569, 0], [698, 0], [822, 0], [527, 1], [485, 1], [649, 2]]]
["receipts-4/1494468946-8e791ad8393c47219bc40ab1be85234b-22687f1b-CBiJ-o.receipt", [[149, 0], [156, 0], [225, 0], [281, 0], [571, 0], [202, 1], [260, 2]]]
["receipts-4/1494469070-51d55f9806364863bfbd6523419f1390-559f41ca-d2L2CY.receipt", [[479, 0], [781, 0], [943, 0], [1015, 0], [737, 1], [851, 2]]]
["receipts-4/1494469226-b807afa55010447bbbf389e23ff48141-85f7f30-gpgXeq.receipt", [[555, 0], [899, 0], [1062, 0], [856, 1], [970, 2]]]
["receipts-4/1494469576-18908979e909417f8f06eadef86e1a3a-74ba2fc2-hCG5xD.receipt", [[559, 0], [608, 0], [657, 0], [706, 0], [755, 0], [804, 0], [951, 0], [1131, 0], [901, 1], [1048, 2]]]
["receipts-4/1494469671-44938ec7f1184f7892152f5c2c3f1eb2-483021d4-OxU_kB.receipt", [[602, 0], [860, 0], [1118, 0], [1247, 0], [1409, 0], [1203, 1], [1317, 2]]]
["receipts-4/1494469985-3711fe82ba4f493d99a29e1bea4b29b4-230e27ab-B3Mfjy.receipt", [[456, 0], [505, 0], [554, 0], [604, 0], [799, 0], [842, 0], [927, 0], [1122, 0], [1580, 0], [707, 1], [1024, 2]]]
["receipts-4/1494470896-12780683803e4741b201708c0d154eb4-f53173f8-nJt6xO.receipt", [[598, 0], [641, 0], [684, 0], [813, 0], [975, 0], [769, 1], [883, 2]]]
["receipts-4/1494471139-79450218764b46078eb9e6960bbfd332-60cd6a40-VbinQo.receipt", [[401, 0], [684, 0], [1045, 0], [1213, 0], [1382, 0], [1507, 0], [1521, 0], [1535, 0], [999, 1], [1105, 2]]]
["receipts-4/1494471571-f8eba8b5845648aaa966be6b58382c09-2ab88f99-SGkB0T.receipt", [[443, 0], [492, 0], [542, 0], [689, 0], [884, 0], [919, 0], [639, 1], [786, 2]]]
["receipts-4/1494471674-6bb7dc9b7b4a41b892dc0d3f223b4e03-2a9df486-7PWdPf.receipt", [[421, 0], [463, 0], [505, 0], [548, 0], [647, 0], [689, 0], [828, 0], [953, 0], [604, 1], [777, 2]]]
["receipts-4/1494471961-ae21a8f8000248139769b03a935a2233-5441d4b2-Lwzw0M.receipt", [[563, 0], [864, 0], [1251, 0], [1413, 0], [1485, 0], [1207, 1], [1321, 2]]]
["receipts-4/1494472072-bd651ddd0a764a029dabceb6103c6d00-60c40d21-i5F5VN.receipt", [[397, 0], [544, 0], [738, 0], [773, 0], [495, 1], [642, 2]]]
["receipts-4/1494472657-55ed03a2736347a696314103ae520b7f-5e59e693-pctAKE.receipt", [[400, 0], [683, 0], [1042, 0], [1210, 0], [1379, 0], [1504, 0], [1518, 0], [1532, 0], [996, 1], [1102, 2]]]
["receipts-4/1494472762-e9c1236d4da9493596d051ce5b5642b8-c37520ca-sYUmBN.receipt", [[158, 0], [164, 0], [528, 0], [578, 0], [767, 0], [962, 0], [997, 0], [675, 1], [864, 2]]]
["receipts-4/1494472983-722b82246a5f489fbe936f09d6eeccad-af286236-nSp4xt.receipt", [[392, 0], [485, 0], [527, 0], [666, 0], [749, 0], [443, 1], [616, 2]]]
["receipts-4/1494473062-570438d7596e4e7dbcc34c6cea6ab876-79a5d82f-_2Q20X.receipt", [[598, 0], [856, 0], [899, 0], [1028, 0], [1190, 0], [984, 1], [1098, 2]]]
["receipts-4/1494473095-b5c244f9cf7d460796b12689a1c60844-e955ad89-BxZ79N.receipt", [[485, 0], [534, 0], [584, 0], [633, 0], [682, 0], [731, 0], [878, 0], [975, 0], [1122, 0], [1629, 0], [828, 1], [1024, 2]]]
["receipts-4/1494473993-c128676f20b048a4988e8a5cd4bb588e-90e7ed0b-uMD_VU.receipt", [[226, 0], [233, 0], [256, 0], [262, 0], [321, 0], [373, 0], [570, 0], [635, 0], [663, 0], [694, 0], [298, 1], [356, 2]]]
["receipts-4/1494475022-e9c1236d4da9493596d051ce5b5642b8-761dfacf-NzfRWO.receipt", [[158, 0], [164, 0], [528, 0], [578, 0], [626, 0], [725, 0], [774, 0], [963, 0], [1006, 0], [1201, 0], [1236, 0], [871, 1], [1103, 2]]]
["receipts-4/1494475319-18a52dc9d384414e902c1faf2138846a-83e72bab-gBNJwM.receipt", [[606, 0], [692, 0], [993, 0], [1251, 0], [1413, 0], [1485, 0], [1207, 1], [1321, 2]]]
["receipts-4/1494478171-9b861aa6ad994705b5a21287886f39bc-c700acb6-Fd303y.receipt", [[347, 0], [477, 0], [520, 0], [649, 0], [821, 0], [983, 0], [777, 1], [891, 2]]]
["receipts-4/1494479766-75d86d0325464e0ab0fbb88723da2c10-fe016efb-gacqZ5.receipt", [[388, 0], [472, 0], [698, 0], [823, 0], [517, 1], [558, 1], [647, 2]]]
["receipts-4/1494484252-69f7bb02114546b2a7845f71362d882f-ac697209-umvHCX.receipt", [[421, 0], [463, 0], [505, 0], [547, 0], [589, 0], [675, 0], [814, 0], [899, 0], [632, 1], [763, 2]]]
["receipts-4/1494507487-037bb901775a4f8db83366748a9b0fff-551aa435-Z2Vw14.receipt", [[606, 0], [649, 0], [778, 0], [941, 0], [735, 1], [849, 2]]]
["receipts-4/1494508408-98ceb2181eaa4c61a3aa2b28d05b25b1-b8c44fab-uXucSS.receipt", [[606, 0], [778, 0], [907, 0], [1070, 0], [1141, 0], [864, 1], [978, 2]]]
["receipts-4/1494508904-5b9047d0e77a4c6eb8046504e47c824c-82a2f61c-1KgB9t.receipt", [[598, 0], [985, 0], [1148, 0], [942, 1], [1056, 2]]]
["receipts-4/1494509390-59836666323b4f7f989752e71ec616b1-e3339624-QiZp2Q.receipt", [[606, 0], [649, 0], [735, 0], [864, 0], [1026, 0], [1098, 0], [821, 1], [935, 2]]]
["receipts-4/1494509502-5b9047d0e77a4c6eb8046504e47c824c-b161dbac-sTskJn.receipt", [[563, 0], [692, 0], [855, 0], [649, 1], [763, 2]]]
["receipts-4/1494509527-2589d7fac465407bb5c56d59c8d9913b-28f36f10-Y-tdWw.receipt", [[563, 0], [606, 0], [735, 0], [897, 0], [968, 0], [692, 1], [806, 2]]]
["receipts-4/1494509971-141ba14fcdaf4a89a2dc9726ad3bf0fe-506184ed-hdGHb3.receipt", [[606, 0], [649, 0], [735, 0], [907, 0], [1070, 0], [1141, 0], [864, 1], [978, 2]]]
["receipts-4/1494510047-570438d7596e4e7dbcc34c6cea6ab876-cace09f-hGR5nX.receipt", [[610, 0], [696, 0], [868, 0], [1030, 0], [1101, 0], [825, 1], [939, 2]]]
["receipts-4/1494510430-18a52dc9d384414e902c1faf2138846a-75823c76-g-nfZK.receipt", [[598, 0], [727, 0], [890, 0], [684, 1], [798, 2]]]
["receipts-4/1494510760-57a8114f3275470aad15bc490381aefb-cc6f9392-DnLPKf.receipt", [[563, 0], [692, 0], [854, 0], [925, 0], [649, 1], [763, 2]]]
["receipts-4/1494510930-4450aba76670472181264a0b271a39fe-df1ea6ad-1oo1YO.receipt", [[606, 0], [864, 0], [1027, 0], [1098, 0], [821, 1], [935, 2]]]
["receipts-4/1494510984-a27d8e60e4d94302a7743c7c533ef120-c360dd09-D9jMQ2.receipt", [[598, 0], [727, 0], [890, 0], [684, 1], [798, 2]]]
["receipts-4/1494512224-add0726a09b747ef852632e7dde93512-244c4f43-HmkBCf.receipt", [[420, 0], [462, 0], [504, 0], [590, 0], [729, 0], [812, 0], [548, 1], [679, 2]]]
["receipts-4/1494512340-18a52dc9d384414e902c1faf2138846a-18ac4515-b5Usqi.receipt", [[606, 0], [735, 0], [898, 0], [692, 1], [806, 2]]]
["receipts-4/1494513113-3e8ff34ce9f54713bc8f2d495917f927-ccdd0994-qoMaog.receipt", [[598, 0], [641, 0], [770, 0], [933, 0], [727, 1], [841, 2]]]
["receipts-4/1494513142-93e7f8d3ba5a427c82a6c0ed31a698c2-d7faa25c-1smwpd.receipt", [[280, 0], [286, 0], [608, 0], [657, 0], [804, 0], [999, 0], [1034, 0], [754, 1], [901, 2]]]
["receipts-4/1494513394-2589d7fac465407bb5c56d59c8d9913b-68abb67d-IqFerR.receipt", [[563, 0], [735, 0], [898, 0], [692, 1], [806, 2]]]
["receipts-4/1494514636-44938ec7f1184f7892152f5c2c3f1eb2-bfac02be-mOWBKY.receipt", [[606, 0], [692, 0], [950, 0], [1112, 0], [1184, 0], [907, 1], [1021, 2]]]
["receipts-4/1494514874-4b88c3830fd84ba2b9cb114dac8b9ef3-d4740d41-46VBbE.receipt", [[563, 0], [821, 0], [950, 0], [1112, 0], [1183, 0], [907, 1], [1021, 2]]]
["receipts-4/1494515032-3948ad68d80e4b8dacce3ddc29a65b79-57aaa6d3-osVjrc.receipt", [[597, 0], [640, 0], [769, 0], [931, 0], [725, 1], [839, 2]]]
["receipts-4/1494516191-75a5d1060c654e6a9fa31ecf3287d424-cbdd0bd7-793Lp5.receipt", [[481, 0], [579, 0], [627, 0], [775, 0], [824, 0], [1019, 0], [1069, 0], [1111, 0], [1335, 0], [1384, 0], [1433, 0], [725, 1], [921, 2]]]
["receipts-4/1494516289-d455162a19584fc2a2fae8d4e5b57d2f-50c09536-iYI2yM.receipt", [[260, 0], [267, 0], [362, 0], [286, 1], [341, 2]]]
["receipts-4/1494516657-5cc1068a2a464be59401454a01a3991b-fd9010d7-8CRSwx.receipt", [[555, 0], [598, 0], [641, 0], [770, 0], [933, 0], [727, 1], [841, 2]]]
["receipts-4/1494517142-becac0d34b0b437c8e501b1eebbffce1-858daef9-ugBVlj.receipt", [[606, 0], [735, 0], [897, 0], [968, 0], [692, 1], [805, 2]]]
["receipts-4/1494517424-2a54cdd42aae441faade22b8f9447f1c-47a6db92-DYrMg6.receipt", [[606, 0], [649, 0], [692, 0], [735, 0], [864, 0], [1098, 0], [820, 1], [1026, 2]]]
["receipts-4/1494517629-570438d7596e4e7dbcc34c6cea6ab876-1880b53f-Y9TjDR.receipt", [[606, 0], [735, 0], [778, 0], [907, 0], [1036, 0], [1198, 0], [1270, 0], [993, 1], [1107, 2]]]
["receipts-4/1494517663-add0726a09b747ef852632e7dde93512-ec07a8c4-4ZjGfo.receipt", [[420, 0], [462, 0], [548, 0], [687, 0], [772, 0], [505, 1], [636, 2]]]
["receipts-4/1494517829-add0726a09b747ef852632e7dde93512-133235ab-Fzqd_O.receipt", [[420, 0], [462, 0], [548, 0], [687, 0], [770, 0], [506, 1], [637, 2]]]
["receipts-4/1494518508-4023d0ca40b7417995641ecc2e355866-68218c5c-9RdlEn.receipt", [[563, 0], [778, 0], [941, 0], [1012, 0], [735, 1], [849, 2]]]
["receipts-4/1494518579-f3df3069de784921ac364e6bf8816950-7ac0fcca-rdra6Z.receipt", [[606, 0], [649, 0], [692, 0], [864, 0], [1026, 0], [1098, 0], [821, 1], [935, 2]]]
["receipts-4/1494518658-5cc1068a2a464be59401454a01a3991b-45ec9179-83I5qo.receipt", [[563, 0], [735, 0], [864, 0], [1026, 0], [1098, 0], [821, 1], [935, 2]]]
["receipts-4/1494519355-55bf54906c134cae9a564391d784df18-8c840edd-sYM-hV.receipt", [[378, 0], [665, 0], [950, 0], [1234, 0], [1521, 0], [1880, 0], [2047, 0], [2095, 0], [2141, 0], [2265, 0], [2280, 0], [2294, 0], [1834, 1], [1940, 2]]]
["receipts-4/1494519458-c037d895371a46dd9c5e49a249dc1457-8bbe0b2b-WhfoLw.receipt", [[378, 0], [664, 0], [951, 0], [1310, 0], [1478, 0], [1647, 0], [1771, 0], [1786, 0], [1800, 0], [1264, 1], [1370, 2]]]
["receipts-4/1494519574-fdd890a84b834b66b625c76259bdfa39-4741703e-574YCP.receipt", [[606, 0], [864, 0], [1026, 0], [1097, 0], [821, 1], [935, 2]]]
["receipts-4/1494520383-1024df1193194d8aa0f02a8cce512530-914820c-aRjw3W.receipt", [[598, 0], [727, 0], [890, 0], [684, 1], [798, 2]]]
["receipts-4/1494520462-0931b397c92641ba92600e0aeb9642b9-a1577354-vkQxTD.receipt", [[422, 0], [821, 0], [1054, 0], [1285, 0], [1550, 0], [1596, 0], [1657, 0], [1765, 0], [1909, 0], [2036, 0], [2048, 0], [2062, 0], [3556, 0], [3955, 0], [4188, 0], [4419, 0], [4730, 0], [4899, 0], [5043, 0], [5170, 0], [5182, 0], [5196, 0], [4684, 1], [4791, 2]]]
["receipts-4/1494521065-7fc6bd1ecfe7423c88aa796b8e8968dd-a38f5f12-w4ou0j.receipt", [[606, 0], [778, 0], [1036, 0], [1122, 0], [1423, 0], [1552, 0], [1714, 0], [1786, 0], [1508, 1], [1622, 2]]]
["receipts-4/1494521379-c037d895371a46dd9c5e49a249dc1457-8805258e-yfzXuM.receipt", [[379, 0], [664, 0], [949, 0], [1308, 0], [1476, 0], [1645, 0], [1768, 0], [1784, 0], [1797, 0], [1263, 1], [1368, 2]]]
["receipts-4/1494521386-4fa1b1b5b0924d5f9511f4af7cbcebc9-60e2a68b-kbtw8T.receipt", [[406, 0], [689, 0], [970, 0], [1251, 0], [1532, 0], [1812, 0], [2173, 0], [2341, 0], [2389, 0], [2514, 0], [2528, 0], [2542, 0], [2127, 1], [2233, 2]]]
["receipts-4/1494521466-a3600d106e254a9c97950550eba6bc9f-ee38b7a6-MPXq4I.receipt", [[401, 0], [688, 0], [973, 0], [1258, 0], [1617, 0], [1785, 0], [1954, 0], [2078, 0], [2093, 0], [2107, 0], [1571, 1], [1677, 2]]]
["receipts-4/1494521657-2f29fd6c5c764eb78f6c676fa5dc4039-c65701fd-n6zPoU.receipt", [[515, 0], [780, 0], [826, 0], [887, 0], [995, 0], [1166, 0], [1293, 0], [1305, 0], [1319, 0], [2311, 0], [2622, 0], [2791, 0], [2962, 0], [3089, 0], [3101, 0], [3115, 0], [2576, 1], [2683, 2]]]
["receipts-4/1494522083-3948ad68d80e4b8dacce3ddc29a65b79-59a54fed-nMV0jF.receipt", [[596, 0], [640, 0], [725, 0], [855, 0], [1017, 0], [1089, 0], [811, 1], [925, 2]]]
["receipts-4/1494522571-c1380912120f45ee85c2c1f6ad77d2f7-accebe9c-hv6zms.receipt", [[403, 0], [764, 0], [932, 0], [980, 0], [1026, 0], [1150, 0], [1164, 0], [1178, 0], [718, 1], [824, 2]]]
["receipts-4/1494523098-dfea93ad13e94f65a185c185e509f0a7-7a6059be-lry9BA.receipt", [[602, 0], [644, 0], [688, 0], [1118, 0], [1281, 0], [1075, 1], [1189, 2]]]
["receipts-4/1494523369-3cf5c703a3df443a9bbd206f61c1ae0d-e84840ce-kVAxaD.receipt", [[563, 0], [649, 0], [821, 0], [950, 0], [1112, 0], [1184, 0], [907, 1], [1021, 2]]]
["receipts-4/1494523838-5c81532bc01b43faa79d203b2d8e793d-892b839c-RbsvtP.receipt", [[402, 0], [684, 0], [966, 0], [1366, 0], [1679, 0], [1847, 0], [2016, 0], [2141, 0], [2155, 0], [2169, 0], [1633, 1], [1739, 2]]]
["receipts-4/1494523862-b0840b5590544b4a884ece313b94678b-c15615fc-ogQpPK.receipt", [[377, 0], [662, 0], [945, 0], [1306, 0], [1474, 0], [1643, 0], [1768, 0], [1782, 0], [1796, 0], [1260, 1], [1366, 2]]]
["receipts-4/1494524085-c3ce110fe9b04bb99d19aede5df2b607-1c00a86f-C9YsRC.receipt", [[405, 0], [686, 0], [967, 0], [1248, 0], [1607, 0], [1775, 0], [1944, 0], [2069, 0], [2083, 0], [2097, 0], [1561, 1], [1667, 2]]]
["receipts-4/1494524092-add0726a09b747ef852632e7dde93512-abd1f30c-q2sGj8.receipt", [[420, 0], [462, 0], [548, 0], [687, 0], [771, 0], [505, 1], [636, 2]]]
["receipts-4/1494524382-55018c19558b47c59210a85b9fb1f722-58677e8c-fwsPUd.receipt", [[555, 0], [598, 0], [727, 0], [890, 0], [684, 1], [798, 2]]]
["receipts-4/1494524501-cb74ee0d4ae44217a44c16b6720ef210-53a61602--3ntBM.receipt", [[407, 0], [690, 0], [975, 0], [1339, 0], [1507, 0], [1676, 0], [1801, 0], [1815, 0], [1829, 0], [1293, 1], [1399, 2]]]
["receipts-4/1494524569-f3df3069de784921ac364e6bf8816950-20f28511-0-drzx.receipt", [[598, 0], [727, 0], [813, 0], [899, 0], [1071, 0], [1233, 0], [1027, 1], [1141, 2]]]
["receipts-4/1494524686-1d4894e34024420aba6300e97b06b98b-bb8f1377-1Wf70Z.receipt", [[397, 0], [482, 0], [524, 0], [607, 0], [673, 0], [828, 0], [870, 0], [912, 0], [1039, 0], [1163, 0], [785, 1], [744, 1], [994, 2]]]
["receipts-4/1494524828-c037d895371a46dd9c5e49a249dc1457-e9091f3b-6h3Wux.receipt", [[516, 0], [781, 0], [827, 0], [888, 0], [996, 0], [1044, 0], [1170, 0], [1183, 0], [1197, 0], [2190, 0], [2501, 0], [2670, 0], [2718, 0], [2844, 0], [2857, 0], [2871, 0], [2455, 1], [2562, 2]]]
["receipts-4/1494524850-a3600d106e254a9c97950550eba6bc9f-73b6ad69-NRiQ34.receipt", [[402, 0], [687, 0], [1050, 0], [1218, 0], [1360, 0], [1484, 0], [1499, 0], [1513, 0], [1004, 1], [1110, 2]]]
["receipts-4/1494524998-c973dce8c4254a0baa2f0079673a2b93-e17f2e41-zF2G0v.receipt", [[402, 0], [683, 0], [966, 0], [1249, 0], [1533, 0], [1814, 0], [2098, 0], [2380, 0], [2662, 0], [2798, 0], [3003, 0], [3139, 0], [3421, 0], [3682, 0], [3851, 0], [3976, 0], [3990, 0], [4004, 0], [3375, 1], [3482, 2]]]
["receipts-4/1494525002-3b718054a6d94d2e95d28722cd676d5d-f2ee5bb9-FwwEJX.receipt", [[543, 0], [776, 0], [1007, 0], [1272, 0], [1318, 0], [1379, 0], [1487, 0], [1658, 0], [1785, 0], [1797, 0], [1811, 0], [2831, 0], [3064, 0], [3295, 0], [3606, 0], [3775, 0], [3946, 0], [4073, 0], [4085, 0], [4099, 0], [3560, 1], [3667, 2]]]
["receipts-4/1494525027-ba992b143a474b9b94ec748e7c011cdf-b8a58504-7Tx-c0.receipt", [[563, 0], [907, 0], [1069, 0], [1140, 0], [864, 1], [978, 2]]]
["receipts-4/1494525095-432cc008a75f4626a1176507e0b64d77-6864f0d8-leQqBE.receipt", [[559, 0], [602, 0], [688, 0], [860, 0], [816, 1], [1022, 2]]]
["receipts-4/1494525825-98ceb2181eaa4c61a3aa2b28d05b25b1-9f0210b-MSg5E9.receipt", [[602, 0], [688, 0], [774, 0], [860, 0], [946, 0], [1032, 0], [1204, 0], [1366, 0], [1160, 1], [1274, 2]]]
["receipts-4/1494525893-1338ac6afb1e4ed1ac8a6645c395f4d9-6fddaa9d-tGEB-f.receipt", [[606, 0], [735, 0], [864, 0], [1026, 0], [1098, 0], [821, 1], [935, 2]]]
["receipts-4/1494525905-2312ea972deb464faa2d9a05bf82a830-210f0d2c-tdXv9a.receipt", [[538, 0], [771, 0], [1035, 0], [1081, 0], [1142, 0], [1250, 0], [1394, 0], [1520, 0], [1533, 0], [1547, 0], [2562, 0], [2795, 0], [3105, 0], [3274, 0], [3418, 0], [3544, 0], [3557, 0], [3571, 0], [3059, 1], [3166, 2]]]
["receipts-4/1494526019-9d9ed2dae3b349a9a8adecd682254c83-d78b8b9a-YKmKZw.receipt", [[439, 0], [488, 0], [537, 0], [586, 0], [733, 0], [928, 0], [963, 0], [683, 1], [830, 2]]]
["receipts-4/1494526062-16989e3f4632449bae27b08a6366bf74-e68a9395-lIj5hD.receipt", [[156, 0], [162, 0], [484, 0], [533, 0], [680, 0], [875, 0], [959, 0], [630, 1], [777, 2]]]
["receipts-4/1494526190-166ad40206994438bec185b2b6170459-5686266-AI3Yvx.receipt", [[523, 0], [788, 0], [834, 0], [895, 0], [1003, 0], [1174, 0], [1301, 0], [1313, 0], [1327, 0], [2327, 0], [2638, 0], [2807, 0], [2978, 0], [3105, 0], [3117, 0], [3131, 0], [2592, 1], [2699, 2]]]
["receipts-4/1494526661-c3f545dad49742199b460e3a612f0278-551537bb-0ifEaC.receipt", [[379, 0], [661, 0], [945, 0], [1308, 0], [1476, 0], [1524, 0], [1570, 0], [1694, 0], [1708, 0], [1722, 0], [1262, 1], [1368, 2]]]
["receipts-4/1494526797-8ab7f3558e31484db4c7022c3d9413a3-18370b04-eYYeLA.receipt", [[412, 0], [816, 0], [1128, 0], [1296, 0], [1465, 0], [1588, 0], [1604, 0], [1617, 0], [1083, 1], [1188, 2]]]
["receipts-4/1494526947-712376bdc0554d2395176ac1cc050aa4-a3e0bdbe-wEyVKa.receipt", [[380, 0], [743, 0], [911, 0], [1080, 0], [1204, 0], [1220, 0], [1233, 0], [698, 1], [803, 2]]]
["receipts-4/1494526971-67bee231266a466381c9a77b05b7deee-72eb3ca5-Q6Uk69.receipt", [[239, 0], [245, 0], [281, 0], [288, 0], [393, 0], [571, 0], [317, 1], [372, 2]]]
["receipts-4/1494526981-a27d8e60e4d94302a7743c7c533ef120-c7d86f97-z4_6-o.receipt", [[606, 0], [649, 0], [692, 0], [821, 0], [864, 0], [950, 0], [1122, 0], [1284, 0], [1356, 0], [1078, 1], [1192, 2]]]
["receipts-4/1494527359-60ce25b64c8445e99ea14c34c6136ef7-faec3a9c-u-IIUI.receipt", [[401, 0], [858, 0], [1027, 0], [692, 1], [750, 2]]]
["receipts-4/1494527466-2b6678f0f676499e811286bef79e789c-7ccc57d1-Cy4oB4.receipt", [[382, 0], [664, 0], [949, 0], [1310, 0], [1478, 0], [1620, 0], [1745, 0], [1759, 0], [1773, 0], [1264, 1], [1370, 2]]]
["receipts-4/1494527603-add0726a09b747ef852632e7dde93512-c7b8050a-kzF8Y5.receipt", [[419, 0], [506, 0], [645, 0], [730, 0], [463, 1], [594, 2]]]
["receipts-4/1494527660-74fc4a36358644918f08a792ed0ae99d-a33f4417-f2C1yr.receipt", [[606, 0], [649, 0], [692, 0], [735, 0], [864, 0], [1026, 0], [1097, 0], [821, 1], [935, 2]]]
["receipts-4/1494527835-d8bfe18c87114ba0bcf4e42cd7657f80-73f63f04-ZNIfw9.receipt", [[346, 0], [633, 0], [918, 0], [1203, 0], [1488, 0], [1847, 0], [2014, 0], [2183, 0], [2307, 0], [2322, 0], [2336, 0], [1801, 1], [1906, 2]]]
["receipts-4/1494527956-6b64425e8ca84815a48cba63db1e7555-291c2cc8-edfuor.receipt", [[602, 0], [731, 0], [774, 0], [946, 0], [1109, 0], [903, 1], [1017, 2]]]
["receipts-4/1494527990-5d923c7ff0e94a3aadd4acf3269e6d55-c31f65dc-XMxlPx.receipt", [[401, 0], [681, 0], [1042, 0], [1210, 0], [1379, 0], [1504, 0], [1518, 0], [1532, 0], [996, 1], [1102, 2]]]
["receipts-4/1494528080-8fcf3d38daf74dc6a1f85971762bc206-2591e73f-hQ3R1a.receipt", [[375, 0], [659, 0], [1022, 0], [1189, 0], [1331, 0], [1456, 0], [1470, 0], [1484, 0], [976, 1], [1081, 2]]]
["receipts-4/1494528618-040b6645cf1541b08601c5021e931881-1cc5fa46-3b1rXZ.receipt", [[563, 0], [692, 0], [855, 0], [649, 1], [763, 2]]]
["receipts-4/1494528689-3e8ff34ce9f54713bc8f2d495917f927-9658285f-k90Mk2.receipt", [[598, 0], [899, 0], [1062, 0], [856, 1], [970, 2]]]
["receipts-4/1494528858-753e802b81c94a86b15b836726488e03-2b9a9abf-ZeWosq.receipt", [[401, 0], [682, 0], [962, 0], [1245, 0], [1604, 0], [1772, 0], [1941, 0], [2066, 0], [2080, 0], [2094, 0], [1558, 1], [1664, 2]]]
["receipts-4/1494529143-0931b397c92641ba92600e0aeb9642b9-909f504-z4eKC6.receipt", [[400, 0], [681, 0], [1040, 0], [1208, 0], [1256, 0], [1302, 0], [1426, 0], [1440, 0], [1454, 0], [994, 1], [1100, 2]]]
["receipts-4/1494529237-ab08c8180c45410bb9cdd27e564141df-8c82330d-uEnhhg.receipt", [[606, 0], [1036, 0], [1199, 0], [993, 1], [1107, 2]]]
["receipts-4/1494529408-d455162a19584fc2a2fae8d4e5b57d2f-4f985829-51T2JY.receipt", [[263, 0], [269, 0], [312, 0], [318, 0], [361, 0], [367, 0], [407, 0], [413, 0], [457, 0], [464, 0], [508, 0], [514, 0], [555, 0], [561, 0], [597, 0], [603, 0], [702, 0], [725, 0], [738, 0], [621, 1], [676, 2]]]
["receipts-4/1494529534-948f3f4de8c04570af67d22face2f2e5-2dc3c9b1-Puky_F.receipt", [[403, 0], [686, 0], [972, 0], [1255, 0], [1619, 0], [1787, 0], [1956, 0], [2081, 0], [2095, 0], [2109, 0], [1573, 1], [1679, 2]]]
["receipts-4/1494529623-13921fd19b0b4dbbb4a31c0c6a63f1d0-fa3b6557-Kf-IiN.receipt", [[392, 0], [452, 0], [538, 0], [580, 0], [719, 0], [844, 0], [496, 1], [668, 2]]]
["receipts-4/1494530186-b27eb6d5819a4a529631fcebd66985a0-f6bc1df6-TTtFdA.receipt", [[403, 0], [685, 0], [1045, 0], [1213, 0], [1261, 0], [1306, 0], [1429, 0], [1445, 0], [1458, 0], [1000, 1], [1105, 2]]]
["receipts-4/1494530192-a3600d106e254a9c97950550eba6bc9f-93ced437-QqfX14.receipt", [[538, 0], [771, 0], [1002, 0], [1234, 0], [1499, 0], [1545, 0], [1605, 0], [1713, 0], [1884, 0], [2010, 0], [2023, 0], [2037, 0], [3052, 0], [3285, 0], [3516, 0], [3748, 0], [4059, 0], [4227, 0], [4398, 0], [4524, 0], [4537, 0], [4551, 0], [4013, 1], [4119, 2]]]
["receipts-4/1494530224-155e129e5ee44b3b97de66b3df2d38a9-52d58f52-xEv0e5.receipt", [[376, 0], [858, 0], [906, 0], [690, 1], [750, 2]]]
["receipts-4/1494531480-ce0b9c8a9d0047fea91ad685e252e4d9-57af7ae0-wnKQZu.receipt", [[380, 0], [510, 0], [755, 0], [885, 0], [1130, 0], [1260, 0], [1504, 0], [1635, 0], [1880, 0], [2011, 0], [2257, 0], [2387, 0], [2632, 0], [2762, 0], [3007, 0], [3137, 0], [3460, 0], [3721, 0], [3890, 0], [4015, 0], [4029, 0], [4043, 0], [3414, 1], [3520, 2]]]
["receipts-4/1494531545-7e08cf4854644382a5455ac6e5354d58-a500ca50-MZMTw5.receipt", [[404, 0], [687, 0], [1046, 0], [1214, 0], [1262, 0], [1308, 0], [1432, 0], [1446, 0], [1460, 0], [1000, 1], [1106, 2]]]
["receipts-4/1494531688-5cc1068a2a464be59401454a01a3991b-52e4d111-GgycbE.receipt", [[602, 0], [817, 0], [903, 0], [946, 0], [989, 0], [1075, 0], [1161, 0], [1290, 0], [1452, 0], [1246, 1], [1360, 2]]]
["receipts-4/1494531924-a27d8e60e4d94302a7743c7c533ef120-444266df-0L9149.receipt", [[559, 0], [688, 0], [817, 0], [980, 0], [774, 1], [888, 2]]]
["receipts-4/1494531970-4b88c3830fd84ba2b9cb114dac8b9ef3-7f0cb899-tqzfe4.receipt", [[563, 0], [735, 0], [1036, 0], [1198, 0], [1270, 0], [993, 1], [1107, 2]]]
["receipts-4/1494532122-c1380912120f45ee85c2c1f6ad77d2f7-b49416-1nfdQE.receipt", [[403, 0], [686, 0], [967, 0], [1248, 0], [1528, 0], [1810, 0], [2092, 0], [2374, 0], [2656, 0], [3017, 0], [3185, 0], [3327, 0], [3453, 0], [3466, 0], [3481, 0], [2970, 1], [3077, 2]]]
["receipts-4/1494532304-4023d0ca40b7417995641ecc2e355866-5903fd2a-ntad3m.receipt", [[606, 0], [735, 0], [864, 0], [907, 0], [1036, 0], [1198, 0], [1270, 0], [992, 1], [1106, 2]]]
["receipts-4/1494532390-1e5448b4a02d4cde87207609167c130e-9df9c1fd-2OVE52.receipt", [[400, 0], [683, 0], [964, 0], [1245, 0], [1526, 0], [1885, 0], [2053, 0], [2222, 0], [2347, 0], [2361, 0], [2375, 0], [1839, 1], [1945, 2]]]
["receipts-4/1494532475-71b62fc90efb40b582ca49881195aa7f-7fbc9967-sSIdx6.receipt", [[432, 0], [716, 0], [999, 0], [1403, 0], [1634, 0], [1866, 0], [2099, 0], [2363, 0], [2409, 0], [2470, 0], [2578, 0], [2749, 0], [2876, 0], [2888, 0], [2902, 0], [3811, 0], [4095, 0], [4378, 0], [4782, 0], [5013, 0], [5245, 0], [5478, 0], [5788, 0], [5957, 0], [6128, 0], [6255, 0], [6267, 0], [6281, 0], [5742, 1], [5849, 2]]]
["receipts-4/1494532716-5fe1220189e14ffcb347664b8cefaf09-4a34f64c-zOgsu8.receipt", [[421, 0], [535, 0], [663, 0], [746, 0], [493, 1], [615, 2]]]
["receipts-4/1494532794-1ad870d97cc64b73968f5dd58371a6f4-e9826048-fxzjL6.receipt", [[508, 0], [637, 0], [800, 0], [594, 1], [708, 2]]]
["receipts-4/1494532982-f583676fd6864c7987643f91edbac805-88054abe--1UifG.receipt", [[516, 0], [748, 0], [980, 0], [1212, 0], [1444, 0], [1676, 0], [1909, 0], [2173, 0], [2219, 0], [2280, 0], [2388, 0], [2436, 0], [2563, 0], [2575, 0], [2589, 0], [3582, 0], [3814, 0], [4046, 0], [4278, 0], [4510, 0], [4742, 0], [4975, 0], [5285, 0], [5454, 0], [5502, 0], [5629, 0], [5641, 0], [5655, 0], [5239, 1], [5346, 2]]]
["receipts-4/1494533129-e72608fb4b2b458caea9eda38c24dcb1-facc0f2b-nBCgrB.receipt", [[399, 0], [449, 0], [596, 0], [791, 0], [1298, 0], [1526, 0], [1575, 0], [1624, 0], [546, 1], [693, 2]]]
["receipts-4/1494533201-af3e22813d0f4ef8be01bebcc7898e16-4216d78b-k6dpER.receipt", [[461, 0], [590, 0], [729, 0], [813, 0], [547, 1], [506, 1], [678, 2]]]
