["./receipts-0/1494458717-fc5aadbb19c04a8cbae6992ea6044431-f6dc0f09-MzLGmk.receipt", [[458, 0], [467, 0], [500, 0], [509, 0], [542, 0], [551, 0], [584, 0], [593, 0], [626, 0], [635, 0], [668, 0], [677, 0], [804, 0], [913, 0], [950, 0], [1026, 0], [761, 1], [877, 2]]]
["./receipts-0/1494458832-2c74e13241274f89b1399ccecfe64f9c-81783173-irw4-a.receipt", [[452, 0], [461, 0], [494, 0], [503, 0], [536, 0], [545, 0], [672, 0], [781, 0], [818, 0], [894, 0], [629, 1], [745, 2]]]
["./receipts-0/1494459382-4b92216ce72047788aad0805107414c8-7f66a53c-R7LHq-.receipt", [[510, 0], [519, 0], [695, 0], [805, 0], [841, 0], [653, 1], [769, 2]]]
["./receipts-0/1494459827-daefda592bf2443ca4f9219e7669684d-75b44c07-toZ0h4.receipt", [[457, 0], [466, 0], [593, 0], [703, 0], [739, 0], [551, 1], [667, 2]]]
["./receipts-0/1494459874-2c74e13241274f89b1399ccecfe64f9c-62ff40f9-Pmc8N1.receipt", [[516, 0], [525, 0], [558, 0], [567, 0], [600, 0], [609, 0], [736, 0], [852, 0], [693, 1], [809, 2]]]
["./receipts-0/1494459880-1e1924cd181c43eda72ed4190955d57c-2952b044-yb1ot-.receipt", [[438, 0], [447, 0], [574, 0], [683, 0], [720, 0], [532, 1], [648, 2]]]
["./receipts-0/1494460201-097c1d1ba2bd48afb133ecf9ae598aca-267fe3cd-axb3y3.receipt", [[508, 0], [517, 0], [550, 0], [559, 0], [686, 0], [796, 0], [832, 0], [909, 0], [644, 1], [760, 2]]]
["./receipts-0/1494460453-559d6e798ac64a739c5cb1f09779ed7c-8864ad89-b4EJtp.receipt", [[535, 0], [544, 0], [577, 0], [586, 0], [713, 0], [822, 0], [859, 0], [935, 0], [671, 1], [786, 2]]]
["./receipts-0/1494460856-c3611ada0b5c462c8c067c0a2e7ecde9-cb6e002b-7Gd5mk.receipt", [[427, 0], [436, 0], [469, 0], [478, 0], [511, 0], [520, 0], [553, 0], [562, 0], [689, 0], [798, 0], [835, 0], [911, 0], [646, 1], [762, 2]]]
["./receipts-0/1494461248-64d99ed15b9e45deb6c40a8f78e6d84d-2d7d39b2-FMtenO.receipt", [[423, 0], [432, 0], [515, 0], [524, 0], [607, 0], [616, 0], [698, 0], [707, 0], [789, 0], [798, 0], [880, 0], [889, 0], [1065, 0], [1174, 0], [1211, 0], [1287, 0], [1022, 1], [1138, 2]]]
["./receipts-0/1494461579-92391fac24724c1dbb79543442603a46-28bf54d-8bj2x3.receipt", [[437, 0], [446, 0], [573, 0], [683, 0], [531, 1], [647, 2]]]
["./receipts-0/1494461828-8ec759a1499245878ec98f11062b0b14-199655da-DzqQ50.receipt", [[447, 0], [456, 0], [538, 0], [547, 0], [629, 0], [638, 0], [720, 0], [729, 0], [811, 0], [820, 0], [996, 0], [1105, 0], [1142, 0], [1218, 0], [953, 1], [1069, 2]]]
["./receipts-0/1494461851-559d6e798ac64a739c5cb1f09779ed7c-42c1e387-nWxVPj.receipt", [[535, 0], [544, 0], [577, 0], [586, 0], [619, 0], [628, 0], [661, 0], [669, 0], [703, 0], [712, 0], [745, 0], [754, 0], [881, 0], [990, 0], [1027, 0], [838, 1], [954, 2]]]
["./receipts-0/1494462075-ce0f8f3f765549b1866ea4557a139b41-7a03a7c1-3CnwJn.receipt", [[531, 0], [540, 0], [573, 0], [582, 0], [615, 0], [624, 0], [751, 0], [860, 0], [897, 0], [708, 1], [824, 2]]]
["./receipts-0/1494462230-a390b7d7f1ac4b59bf4a865de7c46789-feaa3a6e-y_lZgf.receipt", [[378, 0], [660, 0], [1021, 0], [1081, 0], [1189, 0], [1283, 0], [1407, 0], [1421, 0], [1435, 0], [975, 1], [1237, 2]]]
["./receipts-0/1494462300-64eddea819d2452d841cb17c4a38b669-a050dac6-VhuxmD.receipt", [[446, 0], [455, 0], [582, 0], [692, 0], [728, 0], [804, 0], [540, 1], [656, 2]]]
["./receipts-0/1494462312-bb335335d98741eea041fd0c5db17e34-ddc2581e-5oJZ2n.receipt", [[401, 0], [686, 0], [968, 0], [1327, 0], [1657, 0], [2068, 0], [2127, 0], [2235, 0], [2528, 0], [2543, 0], [2556, 0], [2023, 1], [2404, 2]]]
["./receipts-0/1494462322-60856348a2544273a2099774fddf2034-d0f691cf-peDMEM.receipt", [[408, 0], [767, 0], [935, 0], [1104, 0], [1228, 0], [1243, 0], [1256, 0], [722, 1], [827, 2]]]
["./receipts-0/1494462338-456dd3d1df624bbbb2d54ba34e9e51af-dd7fda67-AoPJJJ.receipt", [[377, 0], [659, 0], [941, 0], [1223, 0], [1583, 0], [1752, 0], [1917, 0], [1965, 0], [2011, 0], [2134, 0], [2149, 0], [2163, 0], [1537, 1], [1643, 2]]]
["./receipts-0/1494462418-722b82246a5f489fbe936f09d6eeccad-4dfbe8ac-2AYZ5H.receipt", [[434, 0], [497, 0], [560, 0], [646, 0], [688, 0], [827, 0], [912, 0], [603, 1], [776, 2]]]
["./receipts-0/1494462428-0f52eb963d96454bb582bf782b2497eb-867ce9c4-gyiQ8r.receipt", [[244, 0], [251, 0], [317, 0], [373, 0], [295, 1], [352, 2]]]
["./receipts-0/1494462778-22d5b0ee83484cf384751e122a7b6fab-32142891-ojoJKw.receipt", [[437, 0], [566, 0], [781, 0], [910, 0], [1072, 0], [866, 1], [980, 2]]]
["./receipts-0/1494462834-5d923c7ff0e94a3aadd4acf3269e6d55-473935a5-KU_r7e.receipt", [[399, 0], [680, 0], [961, 0], [1242, 0], [1523, 0], [1804, 0], [2163, 0], [2331, 0], [2500, 0], [2625, 0], [2639, 0], [2653, 0], [2117, 1], [2223, 2]]]
["./receipts-0/1494462835-1db4da40e1ab4b6d9896f0ff1c5962fc-5f0205ef-t23Y8K.receipt", [[325, 0], [373, 0], [393, 0], [308, 1], [355, 2]]]
["./receipts-0/1494462911-cff000888fc041f9a86612b4daccff57-cb76b77d-uc829l.receipt", [[270, 0], [357, 0], [445, 0], [492, 0], [314, 1], [401, 2]]]
["./receipts-0/1494462967-0931b397c92641ba92600e0aeb9642b9-e5f43c81-R9i9-3.receipt", [[403, 0], [685, 0], [968, 0], [1327, 0], [1495, 0], [1664, 0], [1789, 0], [1803, 0], [1817, 0], [1281, 1], [1387, 2]]]
["./receipts-0/1494463014-9a38e08314904677aec9936dd74a3dc6-74edeb28-Ioqynv.receipt", [[488, 0], [537, 0], [726, 0], [769, 0], [949, 0], [634, 1], [866, 2]]]
["./receipts-0/1494463089-a3600d106e254a9c97950550eba6bc9f-77c8702e-mHi-VO.receipt", [[403, 0], [766, 0], [933, 0], [1102, 0], [1225, 0], [1241, 0], [1254, 0], [721, 1], [825, 2]]]
["./receipts-0/1494463155-78a84734a37d4376b8c94afb10e78f81-1087a674-ouXANK.receipt", [[380, 0], [422, 0], [464, 0], [506, 0], [548, 0], [590, 0], [632, 0], [674, 0], [716, 0], [758, 0], [800, 0], [842, 0], [928, 0], [970, 0], [885, 1], [1052, 2]]]
["./receipts-0/1494463176-9163800037434cb7a27cc5ab55d81b6a-181f7bb6-OZzKgK.receipt", [[450, 0], [459, 0], [492, 0], [501, 0], [628, 0], [744, 0], [585, 1], [701, 2]]]
["./receipts-0/1494463231-f583676fd6864c7987643f91edbac805-256a95ba-IOW_lz.receipt", [[384, 0], [667, 0], [950, 0], [1233, 0], [1516, 0], [1877, 0], [2043, 0], [2091, 0], [2137, 0], [2262, 0], [2276, 0], [2290, 0], [1831, 1], [1936, 2]]]
["./receipts-0/1494463234-1d4894e34024420aba6300e97b06b98b-aa689033-A5mhp6.receipt", [[397, 0], [499, 0], [580, 0], [637, 0], [765, 0], [807, 0], [849, 0], [976, 0], [1101, 0], [681, 1], [722, 1], [931, 2]]]
["./receipts-0/1494463304-51d55f9806364863bfbd6523419f1390-465d87a1-PFuFjB.receipt", [[436, 0], [609, 0], [652, 0], [781, 0], [943, 0], [1015, 0], [737, 1], [851, 2]]]
["./receipts-0/1494463399-bb335335d98741eea041fd0c5db17e34-e98dd809-iHI6pC.receipt", [[401, 0], [685, 0], [970, 0], [1252, 0], [1536, 0], [1820, 0], [2183, 0], [2350, 0], [2398, 0], [2445, 0], [2569, 0], [2583, 0], [2597, 0], [2137, 1], [2243, 2]]]
["./receipts-0/1494463448-97b44519a0be417eb400672e00984607-4dd3d7ed-zwmMrN.receipt", [[447, 0], [456, 0], [489, 0], [498, 0], [531, 0], [540, 0], [573, 0], [582, 0], [615, 0], [624, 0], [657, 0], [666, 0], [699, 0], [708, 0], [741, 0], [750, 0], [783, 0], [792, 0], [825, 0], [834, 0], [867, 0], [876, 0], [1003, 0], [1119, 0], [960, 1], [1076, 2]]]
["./receipts-0/1494463496-b52323869eb744ad884ba7282ce5a1b9-ca519952-gwnFz1.receipt", [[606, 0], [950, 0], [993, 0], [1036, 0], [1165, 0], [1327, 0], [1399, 0], [1121, 1], [1235, 2]]]
["./receipts-0/1494463521-bb053243bdfd4468985774e45583b5d6-3dd7f02e-Jh0ID8.receipt", [[408, 0], [496, 0], [538, 0], [580, 0], [622, 0], [664, 0], [792, 0], [919, 0], [1044, 0], [749, 1], [708, 1], [874, 2]]]
["./receipts-0/1494463534-eca1e078231e4ca9abc38a40c036e509-dc3fd56f-ET3Iq5.receipt", [[357, 0], [379, 0], [441, 0], [463, 0], [549, 0], [675, 0], [507, 1], [633, 2]]]
["./receipts-0/1494463599-b27fb9b4d8f94c8cb2e02e5838c3acde-526aa294-uWCTRz.receipt", [[154, 0], [160, 0], [482, 0], [580, 0], [628, 0], [727, 0], [916, 0], [1096, 0], [824, 1], [1013, 2]]]
["./receipts-0/1494463660-7a67edf431ce4d0aa8ebdd32d078f7a2-661ae05f-aFYpXo.receipt", [[382, 0], [663, 0], [947, 0], [1229, 0], [1589, 0], [1757, 0], [1805, 0], [1850, 0], [1974, 0], [1989, 0], [2003, 0], [1543, 1], [1649, 2]]]
["./receipts-0/1494463683-ac2d54f4dc85456ba2b8e05aadd05095-1727f681-vy5Fhs.receipt", [[516, 0], [781, 0], [827, 0], [888, 0], [996, 0], [1167, 0], [1293, 0], [1306, 0], [1320, 0], [2313, 0], [2624, 0], [2793, 0], [2964, 0], [3090, 0], [3103, 0], [3117, 0], [2578, 1], [2685, 2]]]
["./receipts-0/1494463685-14de7f2d86c445e0a84c16f400ed84e2-71e12dd0-ZF87Wf.receipt", [[380, 0], [743, 0], [910, 0], [958, 0], [1004, 0], [1129, 0], [1143, 0], [1157, 0], [697, 1], [803, 2]]]
["./receipts-0/1494463733-0931b397c92641ba92600e0aeb9642b9-d4408fca-yb0UuR.receipt", [[403, 0], [685, 0], [967, 0], [1328, 0], [1496, 0], [1665, 0], [1790, 0], [1804, 0], [1818, 0], [1282, 1], [1388, 2]]]
["./receipts-0/1494463824-a29a7e87fcd34fc9ba0c708b1d910f48-50827e7e-OpPL9N.receipt", [[452, 0], [461, 0], [494, 0], [503, 0], [536, 0], [544, 0], [578, 0], [587, 0], [620, 0], [629, 0], [662, 0], [671, 0], [798, 0], [914, 0], [755, 1], [871, 2]]]
["./receipts-0/1494463832-cff000888fc041f9a86612b4daccff57-b410867c-pse7Ry.receipt", [[269, 0], [306, 0], [391, 0], [434, 0], [475, 0], [518, 0], [560, 0], [601, 0], [643, 0], [685, 0], [728, 0], [770, 0], [812, 0], [854, 0], [896, 0], [938, 0], [980, 0], [1022, 0], [1064, 0], [1106, 0], [1148, 0], [1190, 0], [1232, 0], [1273, 0], [1315, 0], [1357, 0], [1399, 0], [1485, 0], [1573, 0], [1621, 0], [1442, 1], [1529, 2]]]
["./receipts-0/1494463837-e66042ca24374346a0b97e160c3f7b3b-b487399-g7nymD.receipt", [[469, 0], [477, 0], [511, 0], [520, 0], [553, 0], [562, 0], [595, 0], [604, 0], [637, 0], [646, 0], [773, 0], [889, 0], [730, 1], [846, 2]]]
["./receipts-0/1494463854-59002e3fbc5241a48afd337d82adb05b-5768616e--nKldm.receipt", [[401, 0], [684, 0], [965, 0], [1324, 0], [1492, 0], [1661, 0], [1786, 0], [1800, 0], [1814, 0], [1278, 1], [1384, 2]]]
["./receipts-0/1494463917-13cf67161b764fbaa83d5facbbf51d41-9ddd5ff-ecnh2b.receipt", [[454, 0], [462, 0], [496, 0], [505, 0], [632, 0], [748, 0], [589, 1], [705, 2]]]
["./receipts-0/1494464201-58d88fcf3d4b4bfca22bda7991f1a3c3-c2c33e7c-uRrT-r.receipt", [[563, 0], [606, 0], [735, 0], [897, 0], [969, 0], [692, 1], [806, 2]]]
["./receipts-0/1494464281-8c5f93c2816b46dabb9170f310b73765-69ec917e-2Xa-1_.receipt", [[438, 0], [536, 0], [731, 0], [781, 0], [830, 0], [1011, 0], [683, 1], [928, 2]]]
["./receipts-0/1494464304-609ea612178f489d86f99df34fb19c60-c2344d20-e20osF.receipt", [[396, 0], [562, 0], [702, 0], [786, 0], [520, 1], [478, 1], [651, 2]]]
["./receipts-0/1494464311-daefda592bf2443ca4f9219e7669684d-f43c83bb-PcMvcq.receipt", [[457, 0], [466, 0], [499, 0], [508, 0], [635, 0], [752, 0], [593, 1], [709, 2]]]
["./receipts-0/1494464339-5606e5d122de45a68706331aed4c1e3b-c563d878-Ro0wmu.receipt", [[598, 0], [727, 0], [890, 0], [684, 1], [798, 2]]]
["./receipts-0/1494464517-60ce25b64c8445e99ea14c34c6136ef7-701e0f5-Qs-09u.receipt", [[404, 0], [686, 0], [1047, 0], [1215, 0], [1384, 0], [1509, 0], [1523, 0], [1537, 0], [1001, 1], [1107, 2]]]
["./receipts-0/1494464539-b13f7f07fa0e410b859a0f6810508743-3c4042e0-5piyaa.receipt", [[428, 0], [709, 0], [1106, 0], [1338, 0], [1604, 0], [1649, 0], [1710, 0], [1818, 0], [1941, 0], [2013, 0], [2139, 0], [2152, 0], [2165, 0], [3665, 0], [3946, 0], [4343, 0], [4575, 0], [4886, 0], [5055, 0], [5178, 0], [5250, 0], [5376, 0], [5389, 0], [5402, 0], [4841, 1], [4947, 2]]]
["./receipts-0/1494464539-c3f545dad49742199b460e3a612f0278-35f055b9-LoM4LB.receipt", [[517, 0], [869, 0], [1133, 0], [1179, 0], [1240, 0], [1348, 0], [1492, 0], [1618, 0], [1631, 0], [1645, 0], [2639, 0], [2991, 0], [3301, 0], [3470, 0], [3614, 0], [3740, 0], [3753, 0], [3767, 0], [3255, 1], [3362, 2]]]
["./receipts-0/1494464556-cc3d64e61f52482c914d59e6f0d14960-585228dc-KhF73E.receipt", [[541, 0], [806, 0], [851, 0], [912, 0], [1020, 0], [1068, 0], [1195, 0], [1208, 0], [1221, 0], [2834, 0], [3144, 0], [3313, 0], [3361, 0], [3488, 0], [3501, 0], [3514, 0], [3099, 1], [3205, 2]]]
["./receipts-0/1494464666-26e9dd1cf6de4d948fd6161ef055e4ad-6269dd2d-srUFy5.receipt", [[271, 0], [329, 0], [378, 0], [306, 1], [364, 2]]]
["./receipts-0/1494464693-6eeda8bcbaf449a5bd3adb10171accc4-ee80b9b9-koHwct.receipt", [[390, 0], [409, 0], [531, 0], [651, 0], [732, 0], [773, 0], [490, 1], [611, 2]]]
["./receipts-0/1494464707-36b9e906be1542e89ef8ffffd8eb9267-d4fa0fe5-tE0ddr.receipt", [[510, 0], [519, 0], [601, 0], [610, 0], [692, 0], [701, 0], [877, 0], [987, 0], [1023, 0], [835, 1], [951, 2]]]
["./receipts-0/1494465087-2b6678f0f676499e811286bef79e789c-3edc3ec8-627FCR.receipt", [[380, 0], [665, 0], [948, 0], [1231, 0], [1514, 0], [1797, 0], [2080, 0], [2363, 0], [2724, 0], [2892, 0], [2940, 0], [3065, 0], [3079, 0], [3093, 0], [2678, 1], [2784, 2]]]
["./receipts-0/1494465089-2b6678f0f676499e811286bef79e789c-3edc3ec8-GNM4Wd.receipt", [[380, 0], [665, 0], [948, 0], [1231, 0], [1514, 0], [1797, 0], [2080, 0], [2363, 0], [2724, 0], [2892, 0], [2940, 0], [3065, 0], [3079, 0], [3093, 0], [2678, 1], [2784, 2]]]
["./receipts-0/1494465115-17517f9776754553a3873d8c39bbeaf7-298176f0-OnBFsp.receipt", [[428, 0], [437, 0], [470, 0], [479, 0], [512, 0], [521, 0], [554, 0], [563, 0], [596, 0], [605, 0], [638, 0], [647, 0], [680, 0], [689, 0], [722, 0], [731, 0], [764, 0], [773, 0], [900, 0], [1009, 0], [1046, 0], [1122, 0], [857, 1], [973, 2]]]
["./receipts-0/1494465141-2312ea972deb464faa2d9a05bf82a830-47729b87-OLXoZo.receipt", [[403, 0], [685, 0], [967, 0], [1249, 0], [1531, 0], [1813, 0], [2095, 0], [2377, 0], [2659, 0], [3019, 0], [3186, 0], [3355, 0], [3479, 0], [3494, 0], [3508, 0], [2973, 1], [3078, 2]]]
["./receipts-0/1494465161-4450aba76670472181264a0b271a39fe-37b0180c-EqGZ8_.receipt", [[606, 0], [649, 0], [778, 0], [941, 0], [1012, 0], [735, 1], [849, 2]]]
["./receipts-0/1494465182-f82d50e0d97e4f31b3c5e700fab7e43e-163e8585-G3T3Nj.receipt", [[411, 0], [501, 0], [543, 0], [657, 0], [709, 0], [608, 1], [760, 2]]]
["./receipts-0/1494465218-fa3ddaebe2ed4f24b089b9ea49caadff-fb875661-GZ5dOG.receipt", [[405, 0], [687, 0], [969, 0], [1250, 0], [1612, 0], [1780, 0], [1922, 0], [2046, 0], [2061, 0], [2075, 0], [1566, 1], [1672, 2]]]
["./receipts-0/1494465314-41e7dd5eba7d4a3e93f4878a503c6356-3b3ec4ee-JjbfHV.receipt", [[439, 0], [487, 0], [677, 0], [762, 0], [957, 0], [992, 0], [585, 1], [859, 2]]]
["./receipts-0/1494465487-722b82246a5f489fbe936f09d6eeccad-226df523-etNjCe.receipt", [[392, 0], [447, 0], [502, 0], [565, 0], [607, 0], [693, 0], [735, 0], [874, 0], [999, 0], [650, 1], [823, 2]]]
["./receipts-0/1494465664-6ffb64e5565b4a5c803cd1eba708926e-ecea1869-25O7kR.receipt", [[598, 0], [684, 0], [727, 0], [813, 0], [985, 0], [1147, 0], [941, 1], [1055, 2]]]
["./receipts-0/1494465680-0511a89b466d43019490189fd061609e-6abb537b-4ZeU32.receipt", [[392, 0], [479, 0], [618, 0], [702, 0], [436, 1], [567, 2]]]
["./receipts-0/1494465681-8045ea0799a5463d81d4f311a4855166-4844b4be-9hsctP.receipt", [[460, 0], [468, 0], [596, 0], [705, 0], [742, 0], [553, 1], [669, 2]]]
["./receipts-0/1494465786-b52323869eb744ad884ba7282ce5a1b9-937cbcf8-PwN8nT.receipt", [[602, 0], [731, 0], [817, 0], [903, 0], [1204, 0], [1505, 0], [1892, 0], [2054, 0], [1848, 1], [1962, 2]]]
["./receipts-0/1494465846-a390b7d7f1ac4b59bf4a865de7c46789-e7d72195-3RDpHD.receipt", [[379, 0], [660, 0], [941, 0], [1222, 0], [1503, 0], [1784, 0], [2143, 0], [2311, 0], [2480, 0], [2605, 0], [2619, 0], [2633, 0], [2097, 1], [2203, 2]]]
["./receipts-0/1494465951-a81f7ccb51514f84bce80000af7a6b40-4366a469-UOBT8v.receipt", [[375, 0], [737, 0], [905, 0], [1074, 0], [1198, 0], [1213, 0], [1227, 0], [691, 1], [797, 2]]]
["./receipts-0/1494465974-1e010b3cc4dc4dccba0e6b7ef5464493-b6557c65-ihV58M.receipt", [[379, 0], [425, 0], [527, 0], [666, 0], [791, 0], [484, 1], [615, 2]]]
["./receipts-0/1494466072-761b02b909eb48d3860cc682b6ef608b-d249c90-Pyf7k-.receipt", [[396, 0], [585, 0], [670, 0], [866, 0], [1323, 0], [494, 1], [768, 2]]]
["./receipts-0/1494466164-7fc6bd1ecfe7423c88aa796b8e8968dd-696c4662-d9wYQA.receipt", [[563, 0], [692, 0], [855, 0], [926, 0], [649, 1], [763, 2]]]
["./receipts-0/1494466178-753e802b81c94a86b15b836726488e03-df7a5240-JFF4Xk.receipt", [[538, 0], [769, 0], [1002, 0], [1233, 0], [1465, 0], [1697, 0], [1962, 0], [2008, 0], [2069, 0], [2177, 0], [2348, 0], [2475, 0], [2487, 0], [2501, 0], [4111, 0], [4342, 0], [4575, 0], [4806, 0], [5038, 0], [5270, 0], [5581, 0], [5750, 0], [5921, 0], [6048, 0], [6060, 0], [6074, 0], [5535, 1], [5642, 2]]]
["./receipts-0/1494466220-fa1af1881c054eb399035f723162c7e3-94ab7454-Y4c81J.receipt", [[486, 0], [535, 0], [584, 0], [731, 0], [911, 0], [1140, 0], [1189, 0], [1238, 0], [681, 1], [828, 2]]]
["./receipts-0/1494466584-fdd890a84b834b66b625c76259bdfa39-36b65236-ZsnWds.receipt", [[606, 0], [1036, 0], [1199, 0], [993, 1], [1107, 2]]]
["./receipts-0/1494466607-d8bfe18c87114ba0bcf4e42cd7657f80-97e6f142-TFa6JH.receipt", [[348, 0], [633, 0], [918, 0], [1203, 0], [1562, 0], [1729, 0], [1898, 0], [2022, 0], [2037, 0], [2051, 0], [1516, 1], [1621, 2]]]
["./receipts-0/1494466666-a3600d106e254a9c97950550eba6bc9f-12076d3b-XY02jW.receipt", [[403, 0], [688, 0], [1051, 0], [1219, 0], [1361, 0], [1485, 0], [1500, 0], [1514, 0], [1005, 1], [1111, 2]]]
["./receipts-0/1494466788-fd70199954c54c13a7fac3fc20eb9964-5bd6986c-nKW_qc.receipt", [[399, 1], [479, 2]]]
["./receipts-0/1494467037-b3eaaa9143734a45a9566f0ee5a8e751-5d9e67bd-2NW4yO.receipt", [[393, 0], [437, 0], [566, 0], [522, 1], [611, 2]]]
["./receipts-0/1494467185-a3600d106e254a9c97950550eba6bc9f-f97b6fdb-Myqcmf.receipt", [[402, 0], [688, 0], [975, 0], [1259, 0], [1545, 0], [1832, 0], [2117, 0], [2253, 0], [2461, 0], [2820, 0], [3080, 0], [3126, 0], [3294, 0], [3418, 0], [3433, 0], [3447, 0], [2774, 1], [2880, 2]]]
["./receipts-0/1494467314-8187d00c412847f9a686088deb19dec1-50d838c1-SLp2RR.receipt", [[412, 0], [698, 0], [1102, 0], [1333, 0], [1646, 0], [1814, 0], [1862, 0], [1985, 0], [2001, 0], [2014, 0], [1601, 1], [1706, 2]]]
["./receipts-0/1494467378-e895d121dc4d4cb59de3ea2c7d818d3c-32b10337-Nqqc5Q.receipt", [[410, 0], [692, 0], [973, 0], [1256, 0], [1618, 0], [1786, 0], [1834, 0], [1880, 0], [2003, 0], [2018, 0], [2032, 0], [1572, 1], [1678, 2]]]
["./receipts-0/1494467416-6ffb64e5565b4a5c803cd1eba708926e-96dd7b44-fpu_hy.receipt", [[606, 0], [778, 0], [821, 0], [1294, 0], [1456, 0], [1528, 0], [1250, 1], [1364, 2]]]
["./receipts-0/1494467447-efdd8b96b443474fa4fdffa522b0124a-67e558ab-enj0qL.receipt", [[464, 0], [506, 0], [548, 0], [636, 0], [776, 0], [860, 0], [594, 1], [725, 2]]]
["./receipts-0/1494467702-f583676fd6864c7987643f91edbac805-356132e1-tX_Mv9.receipt", [[384, 0], [667, 0], [1028, 0], [1196, 0], [1244, 0], [1290, 0], [1414, 0], [1428, 0], [1442, 0], [982, 1], [1088, 2]]]
["./receipts-0/1494467794-2bf21825a0be41ac8b7418f22ccddd8a-81fa0653-B_CaCP.receipt", [[397, 0], [445, 0], [543, 0], [593, 0], [689, 0], [789, 0], [969, 0], [739, 1], [886, 2]]]
["./receipts-0/1494467906-79450218764b46078eb9e6960bbfd332-fe992db6-0nbObc.receipt", [[537, 0], [900, 0], [946, 0], [1007, 0], [1115, 0], [1259, 0], [1386, 0], [1398, 0], [1412, 0], [2509, 0], [2918, 0], [3087, 0], [3231, 0], [3358, 0], [3370, 0], [3384, 0], [2872, 1], [2979, 2]]]
["./receipts-0/1494467917-52c694ecdecb42758aa6d241828563f5-e73c9985-KlhDSx.receipt", [[481, 0], [530, 0], [579, 0], [628, 0], [676, 0], [726, 0], [774, 0], [824, 0], [873, 0], [970, 0], [1068, 0], [1167, 0], [1362, 0], [1869, 0], [1117, 1], [1264, 2]]]
["./receipts-0/1494467931-86f9bf304205424095f52dbc93ebcc38-855b9115-zaz3sx.receipt", [[376, 0], [659, 0], [940, 0], [1299, 0], [1467, 0], [1515, 0], [1561, 0], [1685, 0], [1699, 0], [1713, 0], [1253, 1], [1359, 2]]]
["./receipts-0/1494468009-e895d121dc4d4cb59de3ea2c7d818d3c-85d0f98b-cyYsz_.receipt", [[432, 0], [833, 0], [1066, 0], [1298, 0], [1562, 0], [1608, 0], [1669, 0], [1777, 0], [1825, 0], [1951, 0], [1964, 0], [1978, 0], [2887, 0], [3288, 0], [3521, 0], [3753, 0], [4063, 0], [4232, 0], [4280, 0], [4406, 0], [4419, 0], [4433, 0], [4017, 1], [4124, 2]]]
["./receipts-0/1494468097-b13f7f07fa0e410b859a0f6810508743-2aabfc30-ynDfqs.receipt", [[405, 0], [686, 0], [966, 0], [1249, 0], [1529, 0], [1890, 0], [2058, 0], [2227, 0], [2352, 0], [2366, 0], [2380, 0], [1844, 1], [1950, 2]]]
["./receipts-0/1494468115-9a38e08314904677aec9936dd74a3dc6-bdf9fdc7-uFTHhR.receipt", [[531, 0], [580, 0], [628, 0], [677, 0], [867, 0], [1062, 0], [1112, 0], [1154, 0], [1189, 0], [775, 1], [964, 2]]]
["./receipts-0/1494468145-003ffc8741a6456faac673fb44746cc8-c04368ba-oTdctr.receipt", [[403, 0], [684, 0], [965, 0], [1246, 0], [1527, 0], [1926, 0], [2158, 0], [2390, 0], [2702, 0], [2870, 0], [3039, 0], [3164, 0], [3178, 0], [3192, 0], [2656, 1], [2762, 2]]]
["./receipts-0/1494468203-7a84594a13fa434cae9c1a63964477bb-57258b4d-L0f64Q.receipt", [[555, 0], [684, 0], [770, 0], [899, 0], [1062, 0], [856, 1], [970, 2]]]
["./receipts-0/1494468300-79450218764b46078eb9e6960bbfd332-4a617ced-Ksc3Eo.receipt", [[401, 0], [683, 0], [968, 0], [1368, 0], [1696, 0], [2107, 0], [2273, 0], [2321, 0], [2366, 0], [2491, 0], [2506, 0], [2519, 0], [2062, 1], [2166, 2]]]
["./receipts-0/1494468398-1b224a3f336c44f9967870ca45964791-2ed684e5-9jXf_u.receipt", [[433, 0], [476, 0], [518, 0], [560, 0], [602, 0], [659, 0], [712, 0], [770, 0], [845, 0], [888, 0], [959, 0], [1001, 0], [1061, 0], [1112, 0], [1154, 0], [1205, 0], [1256, 0], [1316, 0], [1366, 0], [1425, 0], [1467, 0], [1521, 0], [1562, 0], [1615, 0], [1666, 0], [1724, 0], [1783, 0], [1890, 0], [1933, 0], [2015, 0], [2058, 0], [2197, 0], [2281, 0], [1847, 1], [2146, 2]]]
["./receipts-0/1494468498-6268dc1f21d24befa5cb7c2efc219155-7a9630cf-chqY56.receipt", [[388, 0], [465, 0], [585, 0], [542, 1], [673, 2]]]
["./receipts-0/1494468575-ad802d19d4134afc934890bff63dcaa1-66434dd8-k5ElWt.receipt", [[148, 0], [155, 0], [262, 0], [186, 1], [241, 2]]]
["./receipts-0/1494468590-ba6e5164b9104bbda5e9dd7e4737b931-b8391d1d-yscL9b.receipt", [[438, 0], [536, 0], [677, 0], [762, 0], [957, 0], [992, 0], [585, 1], [859, 2]]]
["./receipts-0/1494468605-b9c689cdf0cf47bc9dcca9ebc6901ffd-ca4bb887-90adyY.receipt", [[364, 0], [373, 0], [380, 0], [440, 0], [468, 0], [512, 0], [433, 1], [494, 2]]]
["./receipts-0/1494468836-d2d414d47893452584ef12006a1bd986-4e0a3640-rUShZe.receipt", [[217, 0], [259, 0], [345, 0], [430, 0], [560, 0], [603, 0], [688, 0], [731, 0], [516, 1], [645, 2]]]
["./receipts-0/1494468942-1b224a3f336c44f9967870ca45964791-53ea9b6c-iWeNTv.receipt", [[393, 0], [435, 0], [491, 0], [579, 0], [633, 0], [686, 0], [738, 0], [858, 0], [900, 0], [1025, 0], [1113, 0], [814, 1], [982, 2]]]
["./receipts-0/1494469104-10eed29632af4c1a9b3f9db051944fbd-7d6f0d2c-X1QSus.receipt", [[459, 0], [532, 0], [601, 0], [657, 0], [746, 0], [885, 0], [969, 0], [704, 1], [835, 2]]]
["./receipts-0/1494469147-636db848033c4984a93601006e6a9edc-8a679be8-ARGpfG.receipt", [[420, 0], [477, 0], [518, 0], [591, 0], [634, 0], [676, 0], [728, 0], [785, 0], [826, 0], [869, 0], [919, 0], [961, 0], [1058, 0], [1100, 0], [1225, 0], [1313, 0], [1364, 0], [1449, 0], [1014, 1], [1182, 2]]]
["./receipts-0/1494469244-18908979e909417f8f06eadef86e1a3a-ea28c3e6-O44qvB.receipt", [[608, 0], [657, 0], [706, 0], [755, 0], [804, 0], [853, 0], [902, 0], [951, 0], [1000, 0], [1048, 0], [1098, 0], [1245, 0], [1440, 0], [1947, 0], [1195, 1], [1342, 2]]]
["./receipts-0/1494469361-61b849f2a5a54d3f9c3c3286bfcf4eab-1454bdaa-DF5F2R.receipt", [[602, 0], [749, 0], [945, 0], [1451, 0], [700, 1], [847, 2]]]
["./receipts-0/1494469366-a3600d106e254a9c97950550eba6bc9f-418c2b46-bc6Sxc.receipt", [[402, 0], [688, 0], [975, 0], [1334, 0], [1502, 0], [1644, 0], [1768, 0], [1783, 0], [1797, 0], [1288, 1], [1394, 2]]]
["./receipts-0/1494469395-753e802b81c94a86b15b836726488e03-9d8a148a-7wKSIC.receipt", [[401, 0], [681, 0], [1042, 0], [1210, 0], [1258, 0], [1304, 0], [1428, 0], [1442, 0], [1456, 0], [996, 1], [1102, 2]]]
["./receipts-0/1494470050-003ffc8741a6456faac673fb44746cc8-c0b82c23-vNJ3LS.receipt", [[451, 0], [850, 0], [1162, 0], [1329, 0], [1377, 0], [1423, 0], [1547, 0], [1562, 0], [1575, 0], [1117, 1], [1222, 2]]]
["./receipts-0/1494470107-1a60754e8ab445ecaddd5e79eaaa4931-ea543bc-R785Wj.receipt", [[429, 0], [526, 0], [723, 0], [918, 0], [1002, 0], [673, 1], [820, 2]]]
["./receipts-0/1494470187-570438d7596e4e7dbcc34c6cea6ab876-bc62f3e8-8bYoly.receipt", [[559, 0], [688, 0], [946, 0], [1109, 0], [903, 1], [1017, 2]]]
["./receipts-0/1494471395-51bb3e9f3e8a440698b958d991fe84bb-ae475e51-dSSHcz.receipt", [[473, 0], [516, 0], [557, 0], [599, 0], [642, 0], [728, 0], [853, 0], [942, 0], [993, 0], [1035, 0], [1116, 0], [1202, 0], [685, 1], [811, 2]]]
["./receipts-0/1494471469-51bb3e9f3e8a440698b958d991fe84bb-393627d1-rV84PS.receipt", [[473, 0], [515, 0], [557, 0], [599, 0], [641, 0], [727, 0], [853, 0], [941, 0], [992, 0], [1118, 0], [684, 1], [810, 2]]]
["./receipts-0/1494471669-74fc4a36358644918f08a792ed0ae99d-a552b861-z-9XOk.receipt", [[606, 0], [649, 0], [993, 0], [1155, 0], [1227, 0], [949, 1], [1063, 2]]]
["./receipts-0/1494473475-55ed03a2736347a696314103ae520b7f-85ebbec-eSIn4G.receipt", [[401, 0], [682, 0], [962, 0], [1243, 0], [1523, 0], [1806, 0], [2087, 0], [2367, 0], [2649, 0], [2931, 0], [3213, 0], [3495, 0], [3856, 0], [4025, 0], [4070, 0], [4238, 0], [4364, 0], [4377, 0], [4392, 0], [3809, 1], [3916, 2]]]
["./receipts-0/1494474026-ecd7c82ceeb246e68462bd36a67b6405-c98af74f-sTl9Tn.receipt", [[563, 0], [606, 0], [649, 0], [692, 0], [778, 0], [821, 0], [864, 0], [949, 0], [1122, 0], [1284, 0], [1356, 0], [1079, 1], [1192, 2]]]
["./receipts-0/1494474483-59836666323b4f7f989752e71ec616b1-7b38957d-CoB_V9.receipt", [[598, 0], [641, 0], [727, 0], [770, 0], [854, 0], [985, 1], [1056, 2]]]
["./receipts-0/1494477665-2909cfbcfbeb42d1b5a1256eab0e38f5-1179de0b-ENWU1u.receipt", [[154, 0], [160, 0], [524, 0], [622, 0], [720, 0], [769, 0], [818, 0], [916, 0], [965, 0], [1015, 0], [1203, 0], [1247, 0], [1441, 0], [1477, 0], [1111, 1], [1343, 2]]]
["./receipts-0/1494485691-a9aa3ea2b0fd489298542df0d55fe003-d48b3bb7-1i0oNh.receipt", [[397, 0], [494, 0], [725, 0], [544, 1], [642, 2]]]
["./receipts-0/1494506069-ae21a8f8000248139769b03a935a2233-84829a9f-gWCVTF.receipt", [[606, 0], [649, 0], [692, 0], [821, 0], [983, 0], [1054, 0], [778, 1], [892, 2]]]
["./receipts-0/1494506202-f3df3069de784921ac364e6bf8816950-77501770-nqNOX9.receipt", [[598, 0], [727, 0], [899, 0], [1062, 0], [856, 1], [970, 2]]]
["./receipts-0/1494506370-4b88c3830fd84ba2b9cb114dac8b9ef3-eb1695ff-PwhJ38.receipt", [[563, 0], [606, 0], [649, 0], [821, 0], [950, 0], [1112, 0], [1184, 0], [906, 1], [1020, 2]]]
["./receipts-0/1494506528-7a84594a13fa434cae9c1a63964477bb-875ab53c-LIOrp0.receipt", [[567, 0], [696, 0], [859, 0], [930, 0], [653, 1], [767, 2]]]
["./receipts-0/1494506839-58d88fcf3d4b4bfca22bda7991f1a3c3-6b23c77-zd5uKB.receipt", [[602, 0], [645, 0], [774, 0], [937, 0], [731, 1], [845, 2]]]
["./receipts-0/1494507881-d455162a19584fc2a2fae8d4e5b57d2f-a71b2d7d-mCw0UT.receipt", [[262, 0], [269, 0], [383, 0], [431, 0], [288, 1], [362, 2]]]
["./receipts-0/1494508175-2955ce57e69648c185a4b7189b5a0ed6-9438bb5a-Q_TBuY.receipt", [[602, 0], [731, 0], [894, 0], [688, 1], [802, 2]]]
["./receipts-0/1494508730-18a52dc9d384414e902c1faf2138846a-55f6d3b5-HkwWGN.receipt", [[598, 0], [641, 0], [684, 0], [899, 0], [1062, 0], [856, 1], [970, 2]]]
["./receipts-0/1494509320-12780683803e4741b201708c0d154eb4-f266d5a4-IaGBNX.receipt", [[555, 0], [684, 0], [899, 0], [1062, 0], [856, 1], [970, 2]]]
["./receipts-0/1494509481-b89bcd45b2f6491281377fed36c251fe-302e4850-NXeLUS.receipt", [[606, 0], [649, 0], [821, 0], [984, 0], [778, 1], [892, 2]]]
["./receipts-0/1494509648-becac0d34b0b437c8e501b1eebbffce1-169490a3-jAymFN.receipt", [[606, 0], [649, 0], [778, 0], [941, 0], [1012, 0], [735, 1], [849, 2]]]
["./receipts-0/1494509762-5cc1068a2a464be59401454a01a3991b-136414c-T3MmDT.receipt", [[563, 0], [692, 0], [821, 0], [983, 0], [1055, 0], [777, 1], [891, 2]]]
["./receipts-0/1494510080-5b9047d0e77a4c6eb8046504e47c824c-b92b351e-GRAKZh.receipt", [[598, 0], [727, 0], [899, 0], [1062, 0], [856, 1], [970, 2]]]
["./receipts-0/1494510112-2589d7fac465407bb5c56d59c8d9913b-78dab3bc-vTERyq.receipt", [[555, 0], [641, 0], [770, 0], [933, 0], [727, 1], [841, 2]]]
["./receipts-0/1494510395-8768b6670c31409cbfafb7eb18b1290e-b4bfa3e4-jyi7jI.receipt", [[234, 0], [241, 0], [341, 0], [364, 0], [377, 0], [593, 0], [260, 1], [315, 2]]]
["./receipts-0/1494510566-74fc4a36358644918f08a792ed0ae99d-75c79a15-5yG5Oe.receipt", [[606, 0], [735, 0], [898, 0], [969, 0], [692, 1], [806, 2]]]
["./receipts-0/1494511433-4450aba76670472181264a0b271a39fe-8ca0301e-Gw0cjv.receipt", [[602, 0], [731, 0], [894, 0], [688, 1], [802, 2]]]
["./receipts-0/1494511625-57a8114f3275470aad15bc490381aefb-b170daf8-ZNXZj6.receipt", [[602, 0], [731, 0], [903, 0], [1066, 0], [860, 1], [974, 2]]]
["./receipts-0/1494512722-a27d8e60e4d94302a7743c7c533ef120-cb297a55-Z0DHW0.receipt", [[602, 0], [645, 0], [688, 0], [731, 0], [860, 0], [1022, 0], [817, 1], [930, 2]]]
["./receipts-0/1494512814-1024df1193194d8aa0f02a8cce512530-ebc6d2c2-w4gx08.receipt", [[602, 0], [645, 0], [688, 0], [731, 0], [774, 0], [860, 0], [1032, 0], [1194, 0], [988, 1], [1102, 2]]]
["./receipts-0/1494513058-2ee70bbadb5744169e0c016c85f034fe-cf34f152-3iwcvz.receipt", [[606, 0], [649, 0], [821, 0], [984, 0], [778, 1], [892, 2]]]
["./receipts-0/1494514958-2589d7fac465407bb5c56d59c8d9913b-43e8489e-4DYlgp.receipt", [[606, 0], [735, 0], [898, 0], [692, 1], [806, 2]]]
["./receipts-0/1494515571-cd959760dc9e415a85578056766835f5-2e07487-zMD1Sw.receipt", [[541, 0], [773, 0], [1037, 0], [1083, 0], [1144, 0], [1252, 0], [1423, 0], [1550, 0], [1562, 0], [1576, 0], [3189, 0], [3421, 0], [3731, 0], [3900, 0], [4071, 0], [4198, 0], [4210, 0], [4224, 0], [3685, 1], [3792, 2]]]
["./receipts-0/1494515602-57a8114f3275470aad15bc490381aefb-2b857245-bL-60h.receipt", [[606, 0], [649, 0], [778, 0], [941, 0], [1012, 0], [735, 1], [849, 2]]]
["./receipts-0/1494515723-1024df1193194d8aa0f02a8cce512530-fbe36a59-nlPsp0.receipt", [[602, 0], [731, 0], [894, 0], [688, 1], [802, 2]]]
["./receipts-0/1494516511-98ceb2181eaa4c61a3aa2b28d05b25b1-151330a7-T-ZRIw.receipt", [[606, 0], [735, 0], [907, 0], [1069, 0], [1141, 0], [864, 1], [978, 2]]]
["./receipts-0/1494516517-1338ac6afb1e4ed1ac8a6645c395f4d9-a092f0e0-8yIss8.receipt", [[563, 0], [606, 0], [778, 0], [940, 0], [1012, 0], [735, 1], [849, 2]]]
["./receipts-0/1494517807-425ab7a8e10749dabd8287f8707d6d7a-fef7ee3f-hZVONi.receipt", [[563, 0], [692, 0], [821, 0], [983, 0], [1054, 0], [778, 1], [892, 2]]]
["./receipts-0/1494519272-b52323869eb744ad884ba7282ce5a1b9-73ce6b24-ZznQRS.receipt", [[602, 0], [688, 0], [731, 0], [903, 0], [1066, 0], [860, 1], [974, 2]]]
["./receipts-0/1494519527-57a8114f3275470aad15bc490381aefb-b7f89454-YNnlPk.receipt", [[602, 0], [817, 0], [980, 0], [774, 1], [888, 2]]]
["./receipts-0/1494519954-3948ad68d80e4b8dacce3ddc29a65b79-8a53f95b-KT21rg.receipt", [[596, 0], [639, 0], [683, 0], [812, 0], [973, 0], [767, 1], [881, 2]]]
["./receipts-0/1494519966-6d5fe7e846e54aca9c5c6917b433897f-b2ae2dd6-F0h0jW.receipt", [[406, 0], [689, 0], [971, 0], [1334, 0], [1502, 0], [1644, 0], [1769, 0], [1783, 0], [1797, 0], [1288, 1], [1394, 2]]]
["./receipts-0/1494520205-cd959760dc9e415a85578056766835f5-8e3685e3-Xv3qfn.receipt", [[428, 0], [709, 0], [990, 0], [1270, 0], [1585, 0], [1631, 0], [1691, 0], [1799, 0], [2215, 0], [2340, 0], [2354, 0], [2368, 0], [3697, 0], [3978, 0], [4259, 0], [4539, 0], [4900, 0], [5068, 0], [5210, 0], [5335, 0], [5349, 0], [5363, 0], [4854, 1], [4960, 2]]]
["./receipts-0/1494520399-cd959760dc9e415a85578056766835f5-37c60239-WXhPAO.receipt", [[405, 0], [764, 0], [931, 0], [979, 0], [1103, 0], [1118, 0], [1131, 0], [719, 1], [823, 2]]]
["./receipts-0/1494520704-b9f285f0c8514753b2e399d4f1ef20b8-50cc1b75-7RqDey.receipt", [[404, 0], [689, 0], [974, 0], [1259, 0], [1544, 0], [1829, 0], [2114, 0], [2473, 0], [2641, 0], [2689, 0], [2735, 0], [2858, 0], [2873, 0], [2887, 0], [2427, 1], [2533, 2]]]
["./receipts-0/1494521236-b9f285f0c8514753b2e399d4f1ef20b8-559e97be-pSqCRM.receipt", [[403, 0], [690, 0], [974, 0], [1261, 0], [1546, 0], [1831, 0], [2190, 0], [2358, 0], [2527, 0], [2651, 0], [2666, 0], [2680, 0], [2144, 1], [2250, 2]]]
["./receipts-0/1494521705-2589d7fac465407bb5c56d59c8d9913b-419aa166-6HzFRv.receipt", [[559, 0], [989, 0], [1152, 0], [946, 1], [1060, 2]]]
["./receipts-0/1494521945-7fc6bd1ecfe7423c88aa796b8e8968dd-3dfac8f0-_s07e4.receipt", [[598, 0], [684, 0], [813, 0], [976, 0], [770, 1], [884, 2]]]
["./receipts-0/1494522257-cd959760dc9e415a85578056766835f5-db95d14c-8vQTiX.receipt", [[404, 0], [686, 0], [969, 0], [1328, 0], [1496, 0], [1544, 0], [1590, 0], [1714, 0], [1728, 0], [1742, 0], [1282, 1], [1388, 2]]]
["./receipts-0/1494522293-e293ced8cda6409592b3efb1ffd05624-22b35c68-H4RPMb.receipt", [[225, 0], [232, 0], [345, 0], [572, 0], [269, 1], [324, 2]]]
["./receipts-0/1494522447-32557ca2889f482cbb04996d02325c60-3c7ff87e-qZk2_z.receipt", [[381, 0], [665, 0], [946, 0], [1230, 0], [1512, 0], [1793, 0], [2077, 0], [2213, 0], [2534, 0], [2767, 0], [3079, 0], [3339, 0], [3508, 0], [3632, 0], [3647, 0], [3661, 0], [3033, 1], [3139, 2]]]
["./receipts-0/1494522492-6d5fe7e846e54aca9c5c6917b433897f-dd7346e9-jVPiEG.receipt", [[405, 0], [690, 0], [1051, 0], [1219, 0], [1388, 0], [1513, 0], [1527, 0], [1541, 0], [1005, 1], [1111, 2]]]
["./receipts-0/1494522642-3b718054a6d94d2e95d28722cd676d5d-1394d740-LdApyM.receipt", [[409, 0], [692, 0], [978, 0], [1262, 0], [1624, 0], [1789, 0], [1931, 0], [2056, 0], [2070, 0], [2084, 0], [1578, 1], [1681, 2]]]
["./receipts-0/1494522804-16989e3f4632449bae27b08a6366bf74-7171f502-Rfavdw.receipt", [[156, 0], [162, 0], [484, 0], [533, 0], [582, 0], [630, 0], [778, 0], [973, 0], [1057, 0], [728, 1], [875, 2]]]
["./receipts-0/1494522825-cb74ee0d4ae44217a44c16b6720ef210-dd4a05c9-nb5vEG.receipt", [[406, 0], [691, 0], [976, 0], [1262, 0], [1546, 0], [1829, 0], [2114, 0], [2399, 0], [2684, 0], [2969, 0], [3254, 0], [3617, 0], [3786, 0], [3928, 0], [4054, 0], [4067, 0], [4081, 0], [3571, 1], [3678, 2]]]
["./receipts-0/1494523305-7fc6bd1ecfe7423c88aa796b8e8968dd-935e286d-w68XOX.receipt", [[555, 0], [641, 0], [770, 0], [899, 0], [1062, 0], [856, 1], [970, 2]]]
["./receipts-0/1494523614-5d923c7ff0e94a3aadd4acf3269e6d55-ccd15fe4--lnHHv.receipt", [[400, 0], [681, 0], [1040, 0], [1208, 0], [1377, 0], [1502, 0], [1516, 0], [1530, 0], [994, 1], [1100, 2]]]
["./receipts-0/1494523827-c973dce8c4254a0baa2f0079673a2b93-faa6e1d0-21uooQ.receipt", [[401, 0], [685, 0], [967, 0], [1327, 0], [1494, 0], [1542, 0], [1588, 0], [1712, 0], [1727, 0], [1741, 0], [1281, 1], [1387, 2]]]
["./receipts-0/1494523846-8ec094104e694ff99afa8f4b32224137-5a90a2ea-E8Nl5h.receipt", [[257, 0], [264, 0], [302, 0], [309, 0], [356, 0], [363, 0], [414, 0], [470, 0], [391, 1], [449, 2]]]
["./receipts-0/1494523930-5fe1220189e14ffcb347664b8cefaf09-22ac1505-W9aK3z.receipt", [[421, 0], [529, 0], [658, 0], [741, 0], [487, 1], [609, 2]]]
["./receipts-0/1494524029-79775fdf77b94321a20ecd670e7b6940-601b564d-fBdo58.receipt", [[514, 0], [779, 0], [825, 0], [886, 0], [994, 0], [1138, 0], [1264, 0], [1277, 0], [1291, 0], [2282, 0], [2593, 0], [2762, 0], [2906, 0], [3032, 0], [3045, 0], [3059, 0], [2547, 1], [2654, 2]]]
["./receipts-0/1494524426-037bb901775a4f8db83366748a9b0fff-66d1230e-0vjRJK.receipt", [[606, 0], [692, 0], [735, 0], [821, 0], [993, 0], [1155, 0], [1227, 0], [950, 1], [1064, 2]]]
["./receipts-0/1494524456-037bb901775a4f8db83366748a9b0fff-33c803ea-6NCfuy.receipt", [[606, 0], [692, 0], [778, 0], [950, 0], [1112, 0], [1184, 0], [906, 1], [1020, 2]]]
["./receipts-0/1494524534-60ce25b64c8445e99ea14c34c6136ef7-4379586b-yrRSnI.receipt", [[402, 0], [683, 0], [964, 0], [1245, 0], [1526, 0], [1807, 0], [2088, 0], [2369, 0], [2650, 0], [2931, 0], [3212, 0], [3493, 0], [3629, 0], [3911, 0], [4171, 0], [4340, 0], [4465, 0], [4479, 0], [4493, 0], [3865, 1], [3971, 2]]]
["./receipts-0/1494524679-ae21a8f8000248139769b03a935a2233-c1195475-nITRlJ.receipt", [[555, 0], [598, 0], [641, 0], [856, 0], [1242, 0], [1372, 0], [1534, 0], [1606, 0], [1328, 1], [1442, 2]]]
["./receipts-0/1494525059-98ceb2181eaa4c61a3aa2b28d05b25b1-8e1613f2-xbKNcl.receipt", [[606, 0], [950, 0], [1112, 0], [1183, 0], [907, 1], [1021, 2]]]
["./receipts-0/1494525094-c037d895371a46dd9c5e49a249dc1457-b67e34d5-ql0CG5.receipt", [[379, 0], [742, 0], [909, 0], [957, 0], [1002, 0], [1125, 0], [1141, 0], [1154, 0], [697, 1], [801, 2]]]
["./receipts-0/1494525350-65dec396d502461589a01b74159af73d-1713f0b8-Qb51fI.receipt", [[559, 0], [817, 0], [860, 0], [903, 0], [1161, 0], [1290, 0], [1452, 0], [1246, 1], [1360, 2]]]
["./receipts-0/1494525485-cd959760dc9e415a85578056766835f5-d515ec80-irNaU5.receipt", [[405, 0], [686, 0], [967, 0], [1248, 0], [1529, 0], [1810, 0], [2169, 0], [2337, 0], [2506, 0], [2631, 0], [2645, 0], [2659, 0], [2123, 1], [2229, 2]]]
["./receipts-0/1494526145-55018c19558b47c59210a85b9fb1f722-85ebb17a-jBszXH.receipt", [[563, 0], [907, 0], [1070, 0], [1141, 0], [864, 1], [978, 2]]]
["./receipts-0/1494526214-5cd373ff8251421cbe89ab78d4918d6d-d3b68f9c-IG5jxe.receipt", [[358, 0], [400, 0], [486, 0], [614, 0], [698, 0], [444, 1], [569, 2]]]
["./receipts-0/1494526360-98ceb2181eaa4c61a3aa2b28d05b25b1-5d90a6c-3iLs7r.receipt", [[602, 0], [989, 0], [1152, 0], [946, 1], [1060, 2]]]
["./receipts-0/1494526364-66642aa7921f40c18ce3ac96aa6883c9-c549041d-JLr9cN.receipt", [[410, 0], [769, 0], [937, 0], [1079, 0], [1203, 0], [1218, 0], [1231, 0], [724, 1], [829, 2]]]
["./receipts-0/1494526466-e2011e2a2cb7485aa267f1c5fc8c5379-d993be83-z--ip7.receipt", [[350, 0], [393, 0], [651, 0], [814, 0], [608, 1], [722, 2]]]
["./receipts-0/1494526535-51d55f9806364863bfbd6523419f1390-a4c3f354-k40pve.receipt", [[480, 0], [695, 0], [824, 0], [986, 0], [1058, 0], [781, 1], [895, 2]]]
["./receipts-0/1494526643-cd959760dc9e415a85578056766835f5-ad531e38-J5JRiM.receipt", [[405, 0], [764, 0], [931, 0], [979, 0], [1025, 0], [1149, 0], [1164, 0], [1177, 0], [719, 1], [824, 2]]]
["./receipts-0/1494526865-ba6e5164b9104bbda5e9dd7e4737b931-143ade06-b1rfQ3.receipt", [[395, 0], [445, 0], [634, 0], [719, 0], [914, 0], [949, 0], [542, 1], [816, 2]]]
["./receipts-0/1494526981-22d5b0ee83484cf384751e122a7b6fab-980f99fa-Rqg08o.receipt", [[437, 0], [609, 0], [867, 0], [1029, 0], [823, 1], [937, 2]]]
["./receipts-0/1494527137-b2d8e005953d426bb61fce725c648385-4cc35ee-asPsTL.receipt", [[409, 0], [546, 0], [675, 0], [758, 0], [504, 1], [626, 2]]]
["./receipts-0/1494527265-60894c7b05ec4e4d9deab777c969ab62-30e252f4-u8QslN.receipt", [[563, 0], [649, 0], [778, 0], [940, 0], [1011, 0], [735, 1], [849, 2]]]
["./receipts-0/1494527359-bb335335d98741eea041fd0c5db17e34-724a1e78-WmJ5_d.receipt", [[401, 0], [802, 0], [1114, 0], [1282, 0], [1330, 0], [1454, 0], [1469, 0], [1482, 0], [1069, 1], [1174, 2]]]
["./receipts-0/1494527400-b7b9a82694f54850a265a00340bc0056-1c86b421-Er4W5-.receipt", [[555, 0], [856, 0], [1019, 0], [813, 1], [927, 2]]]
["./receipts-0/1494527494-b4829ead983247829f8b0eecf9c726ad-76bfd489-XxbeRZ.receipt", [[563, 0], [606, 0], [692, 0], [735, 0], [821, 0], [950, 0], [1112, 0], [1184, 0], [906, 1], [1020, 2]]]
["./receipts-0/1494527500-ab08c8180c45410bb9cdd27e564141df-62c50aa5-KcoEcG.receipt", [[602, 0], [688, 0], [774, 0], [860, 0], [946, 0], [1032, 0], [1204, 0], [1366, 0], [1160, 1], [1274, 2]]]
["./receipts-0/1494527684-cc3d64e61f52482c914d59e6f0d14960-9e4beb3d-_GosEs.receipt", [[403, 0], [685, 0], [968, 0], [1249, 0], [1608, 0], [1775, 0], [1944, 0], [2069, 0], [2083, 0], [2097, 0], [1562, 1], [1667, 2]]]
["./receipts-0/1494527712-dfea93ad13e94f65a185c185e509f0a7-9fa0414b-Qego8-.receipt", [[555, 0], [598, 0], [727, 0], [890, 0], [684, 1], [798, 2]]]
["./receipts-0/1494527729-1b224a3f336c44f9967870ca45964791-e5da4ba-tmFs3d.receipt", [[391, 0], [434, 0], [486, 0], [537, 0], [653, 0], [783, 0], [834, 0], [918, 0], [610, 1], [695, 2]]]
["./receipts-0/1494527881-167c2a9334f84549a9bf84c90399d8ea-ad6509-KVaAnP.receipt", [[553, 0], [596, 0], [768, 0], [931, 0], [1144, 0], [725, 1], [839, 2]]]
["./receipts-0/1494527953-59002e3fbc5241a48afd337d82adb05b-f3bfa1b-vKlvt_.receipt", [[541, 0], [806, 0], [852, 0], [913, 0], [1021, 0], [1165, 0], [1292, 0], [1304, 0], [1318, 0], [2931, 0], [3242, 0], [3411, 0], [3555, 0], [3682, 0], [3694, 0], [3708, 0], [3196, 1], [3303, 2]]]
["./receipts-0/1494528242-c3f545dad49742199b460e3a612f0278-f07d8ded-a1lorb.receipt", [[378, 0], [663, 0], [946, 0], [1228, 0], [1513, 0], [1874, 0], [2041, 0], [2089, 0], [2135, 0], [2260, 0], [2274, 0], [2288, 0], [1828, 1], [1934, 2]]]
["./receipts-0/1494528416-61b849f2a5a54d3f9c3c3286bfcf4eab-e1292a58-15lhfh.receipt", [[602, 0], [651, 0], [798, 0], [993, 0], [1500, 0], [748, 1], [895, 2]]]
["./receipts-0/1494528457-b27eb6d5819a4a529631fcebd66985a0-62e75caa-4IInJd.receipt", [[403, 0], [685, 0], [967, 0], [1249, 0], [1530, 0], [1888, 0], [2298, 0], [2466, 0], [2635, 0], [2759, 0], [2774, 0], [2788, 0], [2252, 1], [2358, 2]]]
["./receipts-0/1494528589-59002e3fbc5241a48afd337d82adb05b-d2802435-ZRO_Mb.receipt", [[404, 0], [686, 0], [968, 0], [1250, 0], [1532, 0], [1815, 0], [2096, 0], [2377, 0], [2658, 0], [2939, 0], [3220, 0], [3501, 0], [3782, 0], [4063, 0], [4422, 0], [4590, 0], [4759, 0], [4885, 0], [4898, 0], [4913, 0], [4375, 1], [4482, 2]]]
["./receipts-0/1494528647-e2011e2a2cb7485aa267f1c5fc8c5379-7274da30-3EmHFc.receipt", [[350, 0], [694, 0], [857, 0], [651, 1], [765, 2]]]
["./receipts-0/1494528768-6d5fe7e846e54aca9c5c6917b433897f-5bd8a0c-wEeVXk.receipt", [[406, 0], [689, 0], [1050, 0], [1217, 0], [1386, 0], [1511, 0], [1525, 0], [1539, 0], [1004, 1], [1109, 2]]]
["./receipts-0/1494528814-934a6e266d754148a5bc1e0de44019b5-2b562752-cfLa74.receipt", [[598, 0], [641, 0], [684, 0], [726, 0], [770, 0], [812, 0], [856, 0], [898, 0], [942, 0], [984, 0], [1028, 0], [1070, 0], [1114, 0], [1157, 0], [1200, 0], [1242, 0], [1286, 0], [1328, 0], [1577, 0], [1648, 0], [1415, 1], [1486, 2]]]
["./receipts-0/1494528856-f583676fd6864c7987643f91edbac805-8423ea27-rUJ0k6.receipt", [[379, 0], [662, 0], [945, 0], [1306, 0], [1474, 0], [1522, 0], [1568, 0], [1692, 0], [1706, 0], [1720, 0], [1260, 1], [1366, 2]]]
["./receipts-0/1494528916-81ca519cdadf481b9f1545fdecc74cdd-667f8af1-WneJCj.receipt", [[356, 0], [500, 0], [542, 0], [670, 0], [753, 0], [458, 1], [416, 1], [625, 2]]]
["./receipts-0/1494528948-934a6e266d754148a5bc1e0de44019b5-a26ab470-B1atUR.receipt", [[606, 0], [692, 0], [778, 0], [821, 0], [993, 0], [1079, 0], [1208, 0], [1370, 0], [1442, 0], [1164, 1], [1278, 2]]]
["./receipts-0/1494528970-02d8a600b5cd44b7865560cd5fe8cb12-46a7e96a-oL_177.receipt", [[399, 0], [589, 0], [784, 0], [819, 0], [497, 1], [686, 2]]]
["./receipts-0/1494529049-d00b25783b004dbe915b9b6ef75eb150-7ebda93c--C6ydv.receipt", [[420, 0], [678, 0], [1135, 0], [1304, 0], [969, 1], [1027, 2]]]
["./receipts-0/1494529181-d8bfe18c87114ba0bcf4e42cd7657f80-7179b333-nDD41j.receipt", [[346, 0], [633, 0], [992, 0], [1160, 0], [1208, 0], [1254, 0], [1377, 0], [1392, 0], [1406, 0], [946, 1], [1052, 2]]]
["./receipts-0/1494529244-f9b3d43a241f4418965839c76415f26c-b591d8e9-F--qj9.receipt", [[379, 0], [664, 0], [1027, 0], [1195, 0], [1364, 0], [1488, 0], [1503, 0], [1517, 0], [981, 1], [1087, 2]]]
["./receipts-0/1494529399-8db0088b9bf3484688b1c4c1fa1aaadd-32d85731-1V0wtc.receipt", [[404, 0], [685, 0], [969, 0], [1251, 0], [1532, 0], [1816, 0], [2176, 0], [2344, 0], [2486, 0], [2610, 0], [2625, 0], [2639, 0], [2130, 1], [2236, 2]]]
["./receipts-0/1494529459-b9f285f0c8514753b2e399d4f1ef20b8-973ecec2-mj9oEs.receipt", [[404, 0], [689, 0], [974, 0], [1259, 0], [1544, 0], [1829, 0], [2114, 0], [2399, 0], [2758, 0], [2926, 0], [3095, 0], [3219, 0], [3234, 0], [3248, 0], [2712, 1], [2818, 2]]]
["./receipts-0/1494529818-60856348a2544273a2099774fddf2034-400385f2-XXyT6M.receipt", [[543, 0], [808, 0], [853, 0], [914, 0], [1022, 0], [1070, 0], [1197, 0], [1210, 0], [1223, 0], [2838, 0], [3148, 0], [3317, 0], [3365, 0], [3492, 0], [3505, 0], [3518, 0], [3103, 1], [3209, 2]]]
["./receipts-0/1494529959-98ceb2181eaa4c61a3aa2b28d05b25b1-31394766-skXOcY.receipt", [[602, 0], [946, 0], [1109, 0], [903, 1], [1017, 2]]]
["./receipts-0/1494530132-2955ce57e69648c185a4b7189b5a0ed6-e955d67-UAPP0p.receipt", [[606, 0], [1079, 0], [1241, 0], [1312, 0], [1036, 1], [1150, 2]]]
["./receipts-0/1494530400-91a72943227c448983c012ff606f286c-2d9e3d4d-cSjHTc.receipt", [[563, 0], [778, 0], [907, 0], [1069, 0], [1140, 0], [864, 1], [978, 2]]]
["./receipts-0/1494530455-0794f8adf25b45a7a2ea5247785a2517-dfdcb922-qtZl9H.receipt", [[407, 0], [688, 0], [969, 0], [1328, 0], [1496, 0], [1544, 0], [1669, 0], [1683, 0], [1697, 0], [1282, 1], [1388, 2]]]
["./receipts-0/1494530692-1a60754e8ab445ecaddd5e79eaaa4931-83ca1bfd-WEN29T.receipt", [[429, 0], [527, 0], [723, 0], [918, 0], [1002, 0], [673, 1], [820, 2]]]
["./receipts-0/1494530759-ce0b9c8a9d0047fea91ad685e252e4d9-30c9ff57-8tP7Rx.receipt", [[380, 0], [663, 0], [946, 0], [1229, 0], [1512, 0], [1794, 0], [2078, 0], [2362, 0], [2725, 0], [2892, 0], [2940, 0], [2987, 0], [3111, 0], [3125, 0], [3139, 0], [2679, 1], [2785, 2]]]
["./receipts-0/1494530941-155e129e5ee44b3b97de66b3df2d38a9-942da55e-BcdLNb.receipt", [[514, 0], [864, 0], [1129, 0], [1175, 0], [1236, 0], [1344, 0], [1389, 0], [1533, 0], [1659, 0], [1672, 0], [1686, 0], [2677, 0], [3027, 0], [3338, 0], [3507, 0], [3552, 0], [3696, 0], [3822, 0], [3835, 0], [3849, 0], [3292, 1], [3399, 2]]]
["./receipts-0/1494531123-6b64425e8ca84815a48cba63db1e7555-4f49c7c4-dk-HJ1.receipt", [[598, 0], [1028, 0], [1191, 0], [985, 1], [1099, 2]]]
["./receipts-0/1494531232-79f78cd424ac4859bc3a8d0c3017a302-301a82a0-iBmU7-.receipt", [[400, 0], [449, 0], [498, 0], [547, 0], [736, 0], [931, 0], [981, 0], [1023, 0], [1058, 0], [644, 1], [833, 2]]]
["./receipts-0/1494531294-a81f7ccb51514f84bce80000af7a6b40-e104aff5-JrR7Xr.receipt", [[375, 0], [658, 0], [942, 0], [1224, 0], [1506, 0], [1866, 0], [2034, 0], [2203, 0], [2327, 0], [2342, 0], [2356, 0], [1820, 1], [1926, 2]]]
["./receipts-0/1494531478-8187d00c412847f9a686088deb19dec1-1322495f-Hpw9iC.receipt", [[410, 0], [696, 0], [983, 0], [1346, 0], [1514, 0], [1683, 0], [1807, 0], [1822, 0], [1836, 0], [1300, 1], [1406, 2]]]
["./receipts-0/1494531480-4450aba76670472181264a0b271a39fe-5908d0ae-WyNT0e.receipt", [[614, 0], [657, 0], [786, 0], [948, 0], [1020, 0], [743, 1], [857, 2]]]
["./receipts-0/1494532080-5fe1220189e14ffcb347664b8cefaf09-d46937a6-0MgZw5.receipt", [[421, 0], [569, 0], [698, 0], [822, 0], [527, 1], [649, 2]]]
["./receipts-0/1494532453-82fdb3f9e0de4cbc9617043cd29ab162-31c73623-J4rbDn.receipt", [[348, 0], [634, 0], [999, 0], [1167, 0], [1215, 0], [1261, 0], [1384, 0], [1399, 0], [1413, 0], [953, 1], [1059, 2]]]
["./receipts-0/1494532664-948f3f4de8c04570af67d22face2f2e5-464af5e6-ayfXoo.receipt", [[403, 0], [686, 0], [971, 0], [1335, 0], [1503, 0], [1672, 0], [1797, 0], [1811, 0], [1825, 0], [1289, 1], [1395, 2]]]
["./receipts-0/1494532759-d6a3d6ef8df54060936ba70fa58bda28-ceecb022-q3Blju.receipt", [[382, 0], [667, 0], [952, 0], [1237, 0], [1596, 0], [1764, 0], [1906, 0], [2030, 0], [2045, 0], [2059, 0], [1550, 1], [1656, 2]]]
["./receipts-0/1494532781-65fe06b18ca848b38b24e3d590057407-d8eea53e-CPd7TV.receipt", [[403, 0], [768, 0], [936, 0], [1078, 0], [1202, 0], [1217, 0], [1231, 0], [722, 1], [828, 2]]]
["./receipts-0/1494533236-fa3ddaebe2ed4f24b089b9ea49caadff-7623a3ca-vPFtDY.receipt", [[540, 0], [771, 0], [1036, 0], [1082, 0], [1143, 0], [1251, 0], [1299, 0], [1425, 0], [1438, 0], [1452, 0], [2469, 0], [2700, 0], [3011, 0], [3180, 0], [3228, 0], [3354, 0], [3367, 0], [3381, 0], [2965, 1], [3072, 2]]]
