["receipts-3/1494458688-1c7b0b3637314dab8e73764c38fdc14c-71a7976d-1LEAQQ.receipt", [[515, 0], [524, 0], [557, 0], [566, 0], [599, 0], [608, 0], [641, 0], [650, 0], [683, 0], [692, 0], [819, 0], [928, 0], [965, 0], [776, 1], [892, 2]]]
["receipts-3/1494458978-9b861aa6ad994705b5a21287886f39bc-43ad1d39-Cw0ego.receipt", [[348, 0], [434, 0], [563, 0], [725, 0], [519, 1], [633, 2]]]
["receipts-3/1494459085-86aba9026486422ab3fb9fe9eb6ddf31-554dd17b-rY7f0q.receipt", [[423, 0], [432, 0], [465, 0], [474, 0], [507, 0], [516, 0], [549, 0], [558, 0], [685, 0], [801, 0], [642, 1], [758, 2]]]
["receipts-3/1494459544-13cf67161b764fbaa83d5facbbf51d41-d48cc2d8-khD1xk.receipt", [[454, 0], [462, 0], [590, 0], [699, 0], [736, 0], [547, 1], [663, 2]]]
["receipts-3/1494459570-88c6373f20f6474fb4249f4dbc42698c-afbb43ba-EYGV8V.receipt", [[516, 0], [525, 0], [558, 0], [567, 0], [600, 0], [609, 0], [642, 0], [651, 0], [684, 0], [693, 0], [820, 0], [928, 0], [965, 0], [777, 1], [893, 2]]]
["receipts-3/1494459679-71366eaaa2454a06bed7feb0c717810e-d11f8456-THvw8V.receipt", [[516, 0], [525, 0], [652, 0], [761, 0], [798, 0], [610, 1], [725, 2]]]
["receipts-3/1494459766-c104d99f38e04fd2a52d98a69bf07fe1-b47a3066-Ye4V4e.receipt", [[489, 0], [498, 0], [625, 0], [734, 0], [770, 0], [583, 1], [699, 2]]]
["receipts-3/1494459859-dec2036facdd45219122e3b7a2ab3f90-86f0a0c9-P7YIBT.receipt", [[449, 0], [458, 0], [491, 0], [500, 0], [627, 0], [736, 0], [773, 0], [584, 1], [700, 2]]]
["receipts-3/1494460024-50db2bb780424f8595969bb6ba2d4030-d08badfe-tMoT1T.receipt", [[523, 0], [532, 0], [565, 0], [574, 0], [607, 0], [616, 0], [649, 0], [658, 0], [785, 0], [894, 0], [931, 0], [742, 1], [858, 2]]]
["receipts-3/1494460193-6f78311ddab7496db0ec7dffceec176f-f9d495d4-PnQXxD.receipt", [[470, 0], [479, 0], [512, 0], [521, 0], [554, 0], [563, 0], [596, 0], [605, 0], [732, 0], [841, 0], [878, 0], [954, 0], [689, 1], [805, 2]]]
["receipts-3/1494460357-191cfef723364543808e078f0feb12dc-735ac9a3-8YNlmd.receipt", [[444, 0], [453, 0], [486, 0], [495, 0], [528, 0], [537, 0], [664, 0], [773, 0], [810, 0], [621, 1], [737, 2]]]
["receipts-3/1494460397-a47d2acfc8cd477b94f44fb73273cc0a-30b1a956-VE9nZ0.receipt", [[508, 0], [517, 0], [550, 0], [559, 0], [592, 0], [601, 0], [634, 0], [643, 0], [770, 0], [879, 0], [916, 0], [992, 0], [727, 1], [843, 2]]]
["receipts-3/1494460435-5b81c77184a0480fa57728b07c020a16-fa200d91-79Cin1.receipt", [[464, 0], [473, 0], [506, 0], [515, 0], [548, 0], [557, 0], [590, 0], [599, 0], [632, 0], [641, 0], [674, 0], [683, 0], [810, 0], [926, 0], [767, 1], [883, 2]]]
["receipts-3/1494460479-de2a5b189321487b90ac3c7ecc42da11-a5d7a2fa-oE2fRF.receipt", [[443, 0], [452, 0], [485, 0], [494, 0], [527, 0], [536, 0], [663, 0], [779, 0], [620, 1], [736, 2]]]
["receipts-3/1494460676-c54e9c0002bb4ed69cf58c8c6f455808-f5d0702c-TfrgsT.receipt", [[445, 0], [454, 0], [630, 0], [740, 0], [588, 1], [704, 2]]]
["receipts-3/1494460723-50670487a231436ab8f88a1db0fec400-e94d5f71-wn-AZM.receipt", [[357, 0], [419, 0], [481, 0], [643, 0], [750, 0], [809, 0], [594, 1], [693, 2]]]
["receipts-3/1494461541-71366eaaa2454a06bed7feb0c717810e-f3692919-IiL7OD.receipt", [[452, 0], [461, 0], [588, 0], [697, 0], [734, 0], [810, 0], [546, 1], [661, 2]]]
["receipts-3/1494461795-6ab07a559fa34d558ccfeed4123fbf84-2a492a5b-yIUg9B.receipt", [[529, 0], [538, 0], [571, 0], [580, 0], [707, 0], [817, 0], [853, 0], [930, 0], [665, 1], [781, 2]]]
["receipts-3/1494461796-9764d8b476534063a7233be165d59ff1-f778f03-gaeOVF.receipt", [[459, 0], [468, 0], [501, 0], [510, 0], [543, 0], [552, 0], [585, 0], [594, 0], [627, 0], [636, 0], [763, 0], [879, 0], [720, 1], [836, 2]]]
["receipts-3/1494462003-59002e3fbc5241a48afd337d82adb05b-40d42cb9-n-SpjE.receipt", [[401, 0], [683, 0], [1044, 0], [1212, 0], [1381, 0], [1506, 0], [1520, 0], [1534, 0], [998, 1], [1104, 2]]]
["receipts-3/1494462075-d455162a19584fc2a2fae8d4e5b57d2f-6f2a8ab3-g3BRuS.receipt", [[268, 0], [274, 0], [312, 0], [318, 0], [360, 0], [366, 0], [401, 0], [407, 0], [435, 0], [441, 0], [453, 0], [480, 0], [486, 0], [515, 0], [521, 0], [615, 0], [657, 0], [539, 1], [594, 2]]]
["receipts-3/1494462133-b55e5ce3f4ea408399cde19b062215f8-42268586-SHl2kL.receipt", [[361, 0], [423, 0], [465, 0], [507, 0], [549, 0], [651, 0], [693, 0], [608, 1], [775, 2]]]
["receipts-3/1494462319-b13f7f07fa0e410b859a0f6810508743-ee79f01a-vs6bxd.receipt", [[541, 0], [774, 0], [1005, 0], [1237, 0], [1470, 0], [1702, 0], [1934, 0], [2166, 0], [2430, 0], [2476, 0], [2537, 0], [2645, 0], [2789, 0], [2916, 0], [2928, 0], [2942, 0], [4555, 0], [4788, 0], [5019, 0], [5251, 0], [5484, 0], [5716, 0], [5948, 0], [6180, 0], [6490, 0], [6659, 0], [6803, 0], [6930, 0], [6942, 0], [6956, 0], [6444, 1], [6551, 2]]]
["receipts-3/1494462392-6d22e3cc80cb4671a18fb35cc7a4c72a-df41f509-P-qnyR.receipt", [[424, 0], [711, 0], [995, 0], [1282, 0], [1567, 0], [1968, 0], [2200, 0], [2432, 0], [2698, 0], [2743, 0], [2804, 0], [2912, 0], [2960, 0], [3085, 0], [3099, 0], [3112, 0], [4013, 0], [4300, 0], [4584, 0], [4871, 0], [5156, 0], [5557, 0], [5789, 0], [6021, 0], [6332, 0], [6501, 0], [6549, 0], [6674, 0], [6688, 0], [6701, 0], [6287, 1], [6393, 2]]]
["receipts-3/1494462462-9c0c285c25454ff3aa482d6772f17cf3-9d98f4bb-uTNzkh.receipt", [[540, 0], [805, 0], [850, 0], [911, 0], [1019, 0], [1163, 0], [1289, 0], [1302, 0], [1315, 0], [2927, 0], [3237, 0], [3406, 0], [3550, 0], [3676, 0], [3689, 0], [3702, 0], [3192, 1], [3298, 2]]]
["receipts-3/1494462516-fd70199954c54c13a7fac3fc20eb9964-7bc1f9c1-h1xnRT.receipt", [[649, 0], [660, 0], [787, 0], [954, 0], [996, 0], [744, 1], [870, 2]]]
["receipts-3/1494462578-3d007ad238594bb3969a25f90cd13d53-9ebc509b-KCbPqH.receipt", [[347, 0], [631, 0], [917, 0], [1203, 0], [1489, 0], [1776, 0], [2057, 0], [2420, 0], [2588, 0], [2757, 0], [2881, 0], [2896, 0], [2910, 0], [2374, 1], [2480, 2]]]
["receipts-3/1494462596-ca960d94aef540f286a30eb006c5cc36-733d1082-LlQVTm.receipt", [[407, 0], [689, 0], [971, 0], [1331, 0], [1499, 0], [1668, 0], [1792, 0], [1807, 0], [1821, 0], [1285, 1], [1391, 2]]]
["receipts-3/1494462658-155e129e5ee44b3b97de66b3df2d38a9-6ef6d909-XWIDOD.receipt", [[377, 0], [859, 0], [907, 0], [691, 1], [751, 2]]]
["receipts-3/1494462758-fb426d7db9dd498db49d530cff69e249-8cb1c0ff-mIydTO.receipt", [[531, 0], [579, 0], [628, 0], [818, 0], [861, 0], [1056, 0], [1106, 0], [1148, 0], [1183, 0], [726, 1], [958, 2]]]
["receipts-3/1494462764-2c800af749b24497a006a2bc15b00dfa-40ad80ee-Ai0BAW.receipt", [[458, 0], [467, 0], [500, 0], [509, 0], [636, 0], [745, 0], [782, 0], [858, 0], [593, 1], [709, 2]]]
["receipts-3/1494462783-ee137f14ab554f00bf8a8975858b4781-e788bf3f-yHSBzc.receipt", [[418, 0], [467, 0], [509, 0], [609, 0], [741, 0], [866, 0], [566, 1], [690, 2]]]
["receipts-3/1494462784-c5608a092333489a9d7d4d0153ce8355-2e3199f0-plncVB.receipt", [[505, 0], [514, 0], [547, 0], [556, 0], [589, 0], [598, 0], [725, 0], [834, 0], [871, 0], [682, 1], [798, 2]]]
["receipts-3/1494462805-2c74e13241274f89b1399ccecfe64f9c-feb2f4cf-mBCyI_.receipt", [[452, 0], [461, 0], [494, 0], [503, 0], [630, 0], [746, 0], [587, 1], [703, 2]]]
["receipts-3/1494462806-da008b0554dd422580b59364029aa595-28efb355-7jhIr-.receipt", [[400, 0], [449, 0], [498, 0], [645, 0], [840, 0], [875, 0], [1103, 0], [1152, 0], [1201, 0], [595, 1], [742, 2]]]
["receipts-3/1494462817-5606e5d122de45a68706331aed4c1e3b-6a7413b9-5RZIl6.receipt", [[563, 0], [649, 0], [735, 0], [821, 0], [950, 0], [1112, 0], [1199, 0], [907, 1], [1020, 2]]]
["receipts-3/1494462824-0037f0bc8ed04ecdbee48b37d0185cf7-9e3f6f71-DvAa8Q.receipt", [[288, 0], [411, 0], [495, 0], [525, 0], [370, 1], [452, 2]]]
["receipts-3/1494462849-ce0b9c8a9d0047fea91ad685e252e4d9-581662ec-RP0FHT.receipt", [[379, 0], [661, 0], [945, 0], [1229, 0], [1513, 0], [1797, 0], [2082, 0], [2218, 0], [2502, 0], [2762, 0], [2931, 0], [3056, 0], [3070, 0], [3084, 0], [2456, 1], [2562, 2]]]
["receipts-3/1494463160-0ace268b5eeb489193c80be2a559a0d4-831b7877-7CSi1C.receipt", [[393, 0], [474, 0], [539, 0], [631, 0], [688, 0], [816, 0], [858, 0], [900, 0], [1027, 0], [1151, 0], [773, 1], [732, 1], [982, 2]]]
["receipts-3/1494463198-98ceb2181eaa4c61a3aa2b28d05b25b1-9c88538a-dys4_R.receipt", [[563, 0], [907, 0], [1069, 0], [1140, 0], [864, 1], [978, 2]]]
["receipts-3/1494463207-64d99ed15b9e45deb6c40a8f78e6d84d-1e96b38f-9cLFpV.receipt", [[423, 0], [432, 0], [465, 0], [474, 0], [507, 0], [516, 0], [643, 0], [752, 0], [789, 0], [600, 1], [716, 2]]]
["receipts-3/1494463262-9d9ed2dae3b349a9a8adecd682254c83-78836469-sMsrzQ.receipt", [[439, 0], [487, 0], [537, 0], [592, 0], [739, 0], [935, 0], [1130, 0], [1179, 0], [1229, 0], [1271, 0], [1355, 0], [1409, 0], [1458, 0], [1542, 0], [689, 1], [836, 2]]]
["receipts-3/1494463276-e9c1236d4da9493596d051ce5b5642b8-e960458a-C-b9Kq.receipt", [[154, 0], [160, 0], [482, 0], [531, 0], [769, 0], [949, 0], [677, 1], [866, 2]]]
["receipts-3/1494463490-5a0c230bbfe2465d8cbd8920ef0c147a-a4b9500c-e7EwXl.receipt", [[282, 0], [294, 0], [334, 0], [391, 0], [311, 1], [370, 2]]]
["receipts-3/1494463515-399cb258756246a991b45d8229169ccc-8dd0a991-2BrI3O.receipt", [[381, 0], [742, 0], [909, 0], [957, 0], [1003, 0], [1127, 0], [1142, 0], [1155, 0], [697, 1], [802, 2]]]
["receipts-3/1494463759-097c1d1ba2bd48afb133ecf9ae598aca-8519dad5-nLw5kb.receipt", [[511, 0], [520, 0], [602, 0], [611, 0], [787, 0], [896, 0], [933, 0], [745, 1], [861, 2]]]
["receipts-3/1494464024-a2c913e7c06f4d0789c279ccca65efba-2fd00b0-oUoOHA.receipt", [[425, 0], [434, 0], [561, 0], [670, 0], [706, 0], [519, 1], [635, 2]]]
["receipts-3/1494464100-b27eb6d5819a4a529631fcebd66985a0-f92710aa-CEKK_x.receipt", [[405, 0], [686, 0], [970, 0], [1251, 0], [1534, 0], [1817, 0], [2101, 0], [2461, 0], [2629, 0], [2798, 0], [2922, 0], [2937, 0], [2951, 0], [2415, 1], [2521, 2]]]
["receipts-3/1494464295-5b81c77184a0480fa57728b07c020a16-3e9fd06c-URf9TC.receipt", [[464, 0], [472, 0], [600, 0], [709, 0], [746, 0], [557, 1], [673, 2]]]
["receipts-3/1494464316-79775fdf77b94321a20ecd670e7b6940-483eb9d0-3SkbgR.receipt", [[376, 0], [738, 0], [906, 0], [954, 0], [1000, 0], [1123, 0], [1138, 0], [1152, 0], [692, 1], [798, 2]]]
["receipts-3/1494464481-96178f4791224f87995690aeae7caf65-fa57366f-ywnaNZ.receipt", [[440, 0], [398, 1], [529, 2]]]
["receipts-3/1494464608-3d007ad238594bb3969a25f90cd13d53-7f9d54aa-AeZCx5.receipt", [[347, 0], [710, 0], [878, 0], [926, 0], [972, 0], [1095, 0], [1111, 0], [1124, 0], [665, 1], [770, 2]]]
["receipts-3/1494464643-11e116c086ff4dbea4e5174cc7222ee2-d551c8ea-XrVmWv.receipt", [[447, 0], [584, 0], [867, 0], [1127, 0], [1296, 0], [1421, 0], [1435, 0], [1449, 0], [821, 1], [927, 2]]]
["receipts-3/1494464661-1425c8ff5a0b4c7a96d5d83a8a9e7da8-ba409fda-8_-nor.receipt", [[456, 0], [465, 0], [547, 0], [556, 0], [638, 0], [647, 0], [823, 0], [939, 0], [780, 1], [896, 2]]]
["receipts-3/1494464748-364e54a194564f9d9b7a9c4a6bfc42b4-9205c1f8-MbWZVa.receipt", [[367, 0], [443, 0], [563, 0], [520, 1], [645, 2]]]
["receipts-3/1494464766-28fdcb1b42d74b0dbccda1101843bb48-f841e9b4-JlbZeg.receipt", [[405, 0], [689, 0], [972, 0], [1258, 0], [1542, 0], [1826, 0], [2110, 0], [2394, 0], [2678, 0], [2962, 0], [3246, 0], [3530, 0], [3892, 0], [4060, 0], [4229, 0], [4354, 0], [4368, 0], [4382, 0], [3846, 1], [3952, 2]]]
["receipts-3/1494464865-35aa60b7be754360ae0d2f4b95a25273-c2548f0c-6YwMkI.receipt", [[468, 0], [567, 0], [662, 0], [706, 0], [792, 0], [834, 0], [749, 1], [916, 2]]]
["receipts-3/1494464881-8fcf3d38daf74dc6a1f85971762bc206-9644196e-nv2IE4.receipt", [[380, 0], [663, 0], [945, 0], [1308, 0], [1476, 0], [1524, 0], [1649, 0], [1663, 0], [1677, 0], [1262, 1], [1368, 2]]]
["receipts-3/1494465094-a19c34e24dda4179853518a348574132-33fc0f14-KLjkwj.receipt", [[377, 0], [660, 0], [943, 0], [1304, 0], [1472, 0], [1641, 0], [1766, 0], [1780, 0], [1794, 0], [1258, 1], [1364, 2]]]
["receipts-3/1494465124-79775fdf77b94321a20ecd670e7b6940-7c762ae4-IyEjMh.receipt", [[377, 0], [659, 0], [941, 0], [1223, 0], [1583, 0], [1751, 0], [1920, 0], [2044, 0], [2059, 0], [2073, 0], [1537, 1], [1643, 2]]]
["receipts-3/1494465124-fb426d7db9dd498db49d530cff69e249-5350983f-guCG4y.receipt", [[531, 0], [580, 0], [629, 0], [678, 0], [726, 0], [825, 0], [874, 0], [923, 0], [1112, 0], [1155, 0], [1350, 0], [1400, 0], [1442, 0], [1477, 0], [1020, 1], [1252, 2]]]
["receipts-3/1494465155-59836666323b4f7f989752e71ec616b1-a2e8aabc-oGyCUB.receipt", [[563, 0], [763, 0], [854, 0], [926, 0], [649, 1], [692, 2]]]
["receipts-3/1494465164-f063a79c50c7423688497afd3ed66b98-22bb4bf-onmbb6.receipt", [[443, 0], [492, 0], [540, 0], [688, 0], [868, 0], [1097, 0], [1146, 0], [1195, 0], [638, 1], [785, 2]]]
["receipts-3/1494465270-0ace268b5eeb489193c80be2a559a0d4-a53ebc63-VlF3Ug.receipt", [[393, 0], [435, 0], [477, 0], [559, 0], [612, 0], [751, 0], [793, 0], [835, 0], [962, 0], [1087, 0], [708, 1], [667, 1], [917, 2]]]
["receipts-3/1494465374-1024df1193194d8aa0f02a8cce512530-d709582d-HFTVCt.receipt", [[606, 0], [1036, 0], [1199, 0], [993, 1], [1107, 2]]]
["receipts-3/1494465404-6b64425e8ca84815a48cba63db1e7555-4b0f8c5b-d1H5Bw.receipt", [[602, 0], [645, 0], [688, 0], [731, 0], [860, 0], [1022, 0], [816, 1], [930, 2]]]
["receipts-3/1494465417-8a9be2792fd546c0b7435c30ca8ddc2f-c9ae3dae-eszpgG.receipt", [[421, 0], [429, 0], [463, 0], [472, 0], [505, 0], [514, 0], [641, 0], [757, 0], [598, 1], [714, 2]]]
["receipts-3/1494465423-b8c26cadf30d402e94069b6adeb2ee55-f30d7bbe-bP-3Qq.receipt", [[366, 0], [374, 0], [408, 0], [416, 0], [528, 0], [559, 0], [614, 0], [750, 0], [506, 1], [654, 2]]]
["receipts-3/1494465458-2909cfbcfbeb42d1b5a1256eab0e38f5-3dbe3281-m_UJIK.receipt", [[154, 0], [160, 0], [525, 0], [574, 0], [623, 0], [672, 0], [720, 0], [819, 0], [1008, 0], [1203, 0], [1253, 0], [1295, 0], [1330, 0], [916, 1], [1105, 2]]]
["receipts-3/1494465470-240dad5e48dc4c488fc0c46270ec06f9-39296c1f-JixaP7.receipt", [[446, 0], [455, 0], [537, 0], [546, 0], [579, 0], [588, 0], [621, 0], [630, 0], [712, 0], [721, 0], [803, 0], [812, 0], [939, 0], [1048, 0], [1085, 0], [1161, 0], [896, 1], [1012, 2]]]
["receipts-3/1494465652-3f9057b3c0b2400db3d2f85da7655aba-37c3ed7-7QE6jc.receipt", [[598, 0], [641, 0], [684, 0], [769, 0], [899, 1], [970, 2]]]
["receipts-3/1494465664-399cb258756246a991b45d8229169ccc-eef949b0-pjZbfd.receipt", [[516, 0], [781, 0], [827, 0], [888, 0], [996, 0], [1140, 0], [1267, 0], [1279, 0], [1293, 0], [2286, 0], [2597, 0], [2658, 0], [2910, 0], [3037, 0], [3049, 0], [3063, 0], [2551, 1], [2766, 2]]]
["receipts-3/1494465676-1e12df7fbd984dc2bad1566dd702129d-cd33fce2-S6Nl0Q.receipt", [[464, 0], [473, 0], [506, 0], [514, 0], [548, 0], [557, 0], [684, 0], [800, 0], [641, 1], [757, 2]]]
["receipts-3/1494465676-cb74ee0d4ae44217a44c16b6720ef210-45a7a91d-3qV-JD.receipt", [[406, 0], [692, 0], [976, 0], [1260, 0], [1544, 0], [1906, 0], [2074, 0], [2216, 0], [2341, 0], [2355, 0], [2369, 0], [1860, 1], [1966, 2]]]
["receipts-3/1494465717-5d14f713aeaa44ca8c72bfed0b59a8c7-b8ccff06-9qc1bD.receipt", [[435, 0], [661, 0], [886, 0], [942, 0], [832, 1], [972, 2]]]
["receipts-3/1494465771-fa3ddaebe2ed4f24b089b9ea49caadff-2005184c-ykKKOR.receipt", [[404, 0], [766, 0], [934, 0], [982, 0], [1028, 0], [1151, 0], [1166, 0], [1180, 0], [720, 1], [826, 2]]]
["receipts-3/1494465782-a3600d106e254a9c97950550eba6bc9f-8acf72ad-Oxoorl.receipt", [[403, 0], [688, 0], [1051, 0], [1219, 0], [1267, 0], [1313, 0], [1436, 0], [1451, 0], [1465, 0], [1005, 1], [1111, 2]]]
["receipts-3/1494465805-670e7f1e91434a25ac2c0f50258d9c1f-8e530262-TriBmX.receipt", [[399, 0], [680, 0], [961, 0], [1241, 0], [1523, 0], [1805, 0], [2088, 0], [2369, 0], [2650, 0], [2931, 0], [3211, 0], [3493, 0], [3776, 0], [4056, 0], [4416, 0], [4585, 0], [4727, 0], [4853, 0], [4866, 0], [4880, 0], [4370, 1], [4477, 2]]]
["receipts-3/1494465856-cc8b822eb3df409986e8e7680021d040-c57ceed7-0THtHa.receipt", [[397, 0], [439, 0], [481, 0], [523, 0], [564, 0], [628, 0], [686, 0], [729, 0], [788, 0], [847, 0], [889, 0], [931, 0], [1017, 0], [974, 1], [1096, 2]]]
["receipts-3/1494465890-b52323869eb744ad884ba7282ce5a1b9-d7b02479-Ia_YJV.receipt", [[606, 0], [1036, 0], [1199, 0], [1270, 0], [993, 1], [1107, 2]]]
["receipts-3/1494465944-14de7f2d86c445e0a84c16f400ed84e2-b1db42a8-2yMLHy.receipt", [[380, 0], [743, 0], [911, 0], [1080, 0], [1205, 0], [1219, 0], [1233, 0], [697, 1], [803, 2]]]
["receipts-3/1494465987-6d5fe7e846e54aca9c5c6917b433897f-106991c-ch5E89.receipt", [[404, 0], [767, 0], [934, 0], [982, 0], [1028, 0], [1153, 0], [1167, 0], [1181, 0], [721, 1], [827, 2]]]
["receipts-3/1494466042-0f52eb963d96454bb582bf782b2497eb-112417a8-4_1K6X.receipt", [[286, 0], [292, 0], [325, 0], [331, 0], [370, 0], [430, 0], [453, 0], [467, 0], [349, 1], [405, 2]]]
["receipts-3/1494466524-0037f0bc8ed04ecdbee48b37d0185cf7-fa23e497-JGTM7F.receipt", [[287, 0], [328, 0], [369, 0], [492, 0], [575, 0], [606, 0], [450, 1], [532, 2]]]
["receipts-3/1494466613-51d55f9806364863bfbd6523419f1390-b4516d97-xCmQ9-.receipt", [[437, 0], [480, 0], [609, 0], [772, 0], [843, 0], [566, 1], [680, 2]]]
["receipts-3/1494466651-dfea93ad13e94f65a185c185e509f0a7-c426e6a2-C87AHw.receipt", [[606, 0], [821, 0], [984, 0], [778, 1], [892, 2]]]
["receipts-3/1494466744-54de5f6ad5054219969ac3bad82fdd9d-3e40e7b6-8WHCT1.receipt", [[404, 0], [446, 0], [505, 0], [547, 0], [589, 0], [648, 0], [690, 0], [748, 0], [835, 0], [792, 1], [914, 2]]]
["receipts-3/1494466760-aba37b7bf69b42fe8950e5644d9992c4-f97f6163-gxhM1L.receipt", [[598, 0], [813, 0], [856, 0], [1071, 0], [1286, 0], [1587, 0], [1802, 0], [1931, 0], [2093, 0], [1887, 1], [2001, 2]]]
["receipts-3/1494466980-cd99bb0e5d4e4e88b12091649672faf3-848b8116-i-41_j.receipt", [[563, 0], [649, 0], [691, 0], [735, 0], [778, 0], [820, 0], [950, 0], [1113, 0], [907, 1], [1021, 2]]]
["receipts-3/1494466990-10eed29632af4c1a9b3f9db051944fbd-ad79a7f-o8MxIW.receipt", [[419, 0], [505, 0], [463, 1], [594, 2]]]
["receipts-3/1494466998-3948ad68d80e4b8dacce3ddc29a65b79-63ecdd90-CsekgV.receipt", [[597, 0], [726, 0], [888, 0], [960, 0], [683, 1], [797, 2]]]
["receipts-3/1494467001-1a60754e8ab445ecaddd5e79eaaa4931-7441a721-JvJaNj.receipt", [[428, 0], [625, 0], [820, 0], [904, 0], [575, 1], [722, 2]]]
["receipts-3/1494467112-141ba14fcdaf4a89a2dc9726ad3bf0fe-690a64d7-m_wGi-.receipt", [[606, 0], [1036, 0], [1198, 0], [1269, 0], [993, 1], [1107, 2]]]
["receipts-3/1494467169-b5c244f9cf7d460796b12689a1c60844-cd0eecdb-Hr08yn.receipt", [[486, 0], [535, 0], [584, 0], [633, 0], [682, 0], [731, 0], [780, 0], [829, 0], [878, 0], [926, 0], [1074, 0], [1171, 0], [1303, 0], [1024, 1], [1220, 2]]]
["receipts-3/1494467181-a390b7d7f1ac4b59bf4a865de7c46789-56496d18-jeKU5h.receipt", [[379, 0], [660, 0], [941, 0], [1222, 0], [1503, 0], [1784, 0], [2143, 0], [2311, 0], [2480, 0], [2605, 0], [2619, 0], [2633, 0], [2097, 1], [2203, 2]]]
["receipts-3/1494467270-0501d41ec822434e93c6bd69914b35b4-b04093ce-g5EJAI.receipt", [[377, 0], [419, 0], [460, 0], [503, 0], [545, 0], [587, 0], [673, 0], [756, 0], [799, 0], [630, 1], [881, 2]]]
["receipts-3/1494467324-fea3e767d2994187b36f9cdd5a2978cf-b99a1dcf-OvJKgz.receipt", [[405, 0], [764, 0], [932, 0], [1101, 0], [1225, 0], [1240, 0], [1253, 0], [719, 1], [824, 2]]]
["receipts-3/1494467430-cb74ee0d4ae44217a44c16b6720ef210-d0639ce-sX2IjH.receipt", [[406, 0], [692, 0], [1093, 0], [1406, 0], [1573, 0], [1742, 0], [1866, 0], [1881, 0], [1894, 0], [1361, 1], [1465, 2]]]
["receipts-3/1494467520-609ea612178f489d86f99df34fb19c60-32b4b993-8IB1jK.receipt", [[396, 0], [567, 0], [707, 0], [791, 0], [525, 1], [483, 1], [656, 2]]]
["receipts-3/1494467996-10eed29632af4c1a9b3f9db051944fbd-ce700b65-IQifQK.receipt", [[615, 0], [704, 0], [790, 0], [916, 0], [1004, 0], [1055, 0], [1140, 0], [747, 1], [873, 2]]]
["receipts-3/1494468071-0037f0bc8ed04ecdbee48b37d0185cf7-c049dda6-xyeRo5.receipt", [[286, 0], [328, 0], [451, 0], [534, 0], [565, 0], [409, 1], [491, 2]]]
["receipts-3/1494468135-eb783e56feb541e2b99a71fa17b2a072-b2a59615-R9dbj6.receipt", [[1152, 0], [1201, 0], [1250, 0], [1299, 0], [1348, 0], [1445, 0], [1543, 0], [1593, 0], [1690, 0], [1788, 0], [2335, 0], [2384, 0], [2433, 0], [2482, 0], [2531, 0], [2628, 0], [2726, 0], [2776, 0], [2873, 0], [2971, 0], [3518, 0], [3567, 0], [3616, 0], [3713, 0], [3861, 0], [4056, 0], [3811, 1], [3958, 2]]]
["receipts-3/1494468201-b0840b5590544b4a884ece313b94678b-11d953cd-f3A9Wi.receipt", [[381, 0], [665, 0], [949, 0], [1312, 0], [1480, 0], [1622, 0], [1747, 0], [1761, 0], [1775, 0], [1266, 1], [1372, 2]]]
["receipts-3/1494468551-f3df3069de784921ac364e6bf8816950-fb91a7-2dABGl.receipt", [[606, 0], [735, 0], [864, 0], [1036, 0], [1198, 0], [1269, 0], [993, 1], [1107, 2]]]
["receipts-3/1494468576-60ce25b64c8445e99ea14c34c6136ef7-21b3bd5b-J6Gmqi.receipt", [[405, 0], [686, 0], [1045, 0], [1213, 0], [1382, 0], [1506, 0], [1521, 0], [1534, 0], [1000, 1], [1105, 2]]]
["receipts-3/1494468684-5fe1220189e14ffcb347664b8cefaf09-4e9f17e1-1XuW-v.receipt", [[421, 0], [529, 0], [658, 0], [741, 0], [487, 1], [609, 2]]]
["receipts-3/1494468700-b6e18c5b33934704bc0efd971def386f-86bd759f-V3dHhh.receipt", [[417, 0], [545, 0], [674, 0], [757, 0], [503, 1], [461, 1], [625, 2]]]
["receipts-3/1494468847-b9f285f0c8514753b2e399d4f1ef20b8-fe381f44-HhB9le.receipt", [[403, 0], [687, 0], [973, 0], [1260, 0], [1619, 0], [1787, 0], [1929, 0], [2053, 0], [2068, 0], [2082, 0], [1573, 1], [1679, 2]]]
["receipts-3/1494468943-003ffc8741a6456faac673fb44746cc8-e100a25f-NEnU-O.receipt", [[402, 0], [684, 0], [1045, 0], [1213, 0], [1382, 0], [1507, 0], [1521, 0], [1535, 0], [999, 1], [1105, 2]]]
["receipts-3/1494469057-1b224a3f336c44f9967870ca45964791-8a39b19a-6GoVNg.receipt", [[433, 0], [484, 0], [527, 0], [569, 0], [655, 0], [697, 0], [780, 0], [823, 0], [962, 0], [1087, 0], [612, 1], [911, 2]]]
["receipts-3/1494469086-033572a51f7c465aa6718278070cd368-dca3ee87-cOYXby.receipt", [[606, 0], [735, 0], [897, 0], [969, 0], [692, 1], [806, 2]]]
["receipts-3/1494469450-9c53f8c104dd4ec58ffa48cb7169eb47-4825b128-fkdxDf.receipt", [[555, 0], [597, 0], [641, 0], [683, 0], [727, 0], [856, 0], [1019, 0], [813, 1], [927, 2]]]
["receipts-3/1494469674-1e5448b4a02d4cde87207609167c130e-c4b1bb2b-xrCnc5.receipt", [[400, 0], [759, 0], [927, 0], [1096, 0], [1221, 0], [1236, 0], [1249, 0], [714, 1], [819, 2]]]
["receipts-3/1494469698-18908979e909417f8f06eadef86e1a3a-edbc56da-8wr4xN.receipt", [[565, 0], [614, 0], [669, 0], [718, 0], [871, 0], [1051, 0], [821, 1], [968, 2]]]
["receipts-3/1494469732-afc1ad5454a142f78edadb105a3685e8-67899bc8-f8JcMm.receipt", [[516, 0], [565, 0], [614, 0], [663, 0], [712, 0], [761, 0], [810, 0], [859, 0], [1006, 0], [1186, 0], [956, 1], [1103, 2]]]
["receipts-3/1494470655-f583676fd6864c7987643f91edbac805-a984dbae-6xPUeg.receipt", [[384, 0], [667, 0], [950, 0], [1311, 0], [1479, 0], [1648, 0], [1773, 0], [1787, 0], [1801, 0], [1265, 1], [1371, 2]]]
["receipts-3/1494471002-cd99bb0e5d4e4e88b12091649672faf3-c938f43-LkmLtZ.receipt", [[606, 0], [907, 0], [1070, 0], [1141, 0], [864, 1], [978, 2]]]
["receipts-3/1494471067-b0840b5590544b4a884ece313b94678b-234a4429-8nlDNB.receipt", [[382, 0], [664, 0], [1027, 0], [1195, 0], [1243, 0], [1289, 0], [1413, 0], [1427, 0], [1441, 0], [981, 1], [1087, 2]]]
["receipts-3/1494471101-b4829ead983247829f8b0eecf9c726ad-c9384ec8-W_QpQC.receipt", [[559, 0], [989, 0], [1152, 0], [946, 1], [1060, 2]]]
["receipts-3/1494471354-722b82246a5f489fbe936f09d6eeccad-8f0a0758-XG3QEk.receipt", [[434, 0], [482, 0], [568, 0], [610, 0], [750, 0], [834, 0], [526, 1], [699, 2]]]
["receipts-3/1494471572-fb426d7db9dd498db49d530cff69e249-72c04c9e-ijbBAB.receipt", [[530, 0], [580, 0], [629, 0], [678, 0], [776, 0], [825, 0], [922, 0], [1021, 0], [1210, 0], [1253, 0], [1349, 0], [1447, 0], [1539, 0], [1575, 0], [1117, 1], [1497, 2]]]
["receipts-3/1494472255-fa3ddaebe2ed4f24b089b9ea49caadff-727fe976-dmW49a.receipt", [[405, 0], [687, 0], [968, 0], [1251, 0], [1534, 0], [1818, 0], [2100, 0], [2382, 0], [2664, 0], [2946, 0], [3228, 0], [3588, 0], [3756, 0], [3925, 0], [4049, 0], [4064, 0], [4078, 0], [3542, 1], [3648, 2]]]
["receipts-3/1494473088-b5c244f9cf7d460796b12689a1c60844-9c5d4380-Dfc3IT.receipt", [[485, 0], [534, 0], [583, 0], [731, 0], [926, 0], [961, 0], [681, 1], [828, 2]]]
["receipts-3/1494473761-5fe1220189e14ffcb347664b8cefaf09-fc4d97ee-7a142I.receipt", [[421, 0], [475, 0], [636, 0], [765, 0], [848, 0], [594, 1], [716, 2]]]
["receipts-3/1494473804-a27d8e60e4d94302a7743c7c533ef120-3f2455a2-gX5s5G.receipt", [[602, 0], [688, 0], [817, 0], [903, 0], [1032, 0], [1161, 0], [1333, 0], [1495, 0], [1289, 1], [1403, 2]]]
["receipts-3/1494474643-722b82246a5f489fbe936f09d6eeccad-ede6fcfe-E5J7cC.receipt", [[434, 0], [482, 0], [542, 0], [628, 0], [670, 0], [809, 0], [934, 0], [585, 1], [758, 2]]]
["receipts-3/1494474703-b6e18c5b33934704bc0efd971def386f-f94d24c4-OLQheK.receipt", [[453, 0], [495, 0], [650, 0], [779, 0], [903, 0], [566, 1], [608, 1], [730, 2]]]
["receipts-3/1494488391-a9aa3ea2b0fd489298542df0d55fe003-eacd59e1-reUJkp.receipt", [[400, 0], [498, 0], [597, 0], [792, 0], [826, 0], [547, 1], [694, 2]]]
["receipts-3/1494502098-d5889487a13c488c8a3cf3c98787b10e-8503a33e-Czse_7.receipt", [[399, 0], [441, 0], [527, 0], [667, 0], [791, 0], [485, 1], [616, 2]]]
["receipts-3/1494509723-2589d7fac465407bb5c56d59c8d9913b-ac10e8e2-UeC3ka.receipt", [[606, 0], [735, 0], [821, 0], [950, 0], [1112, 0], [1183, 0], [907, 1], [1021, 2]]]
["receipts-3/1494509894-ab08c8180c45410bb9cdd27e564141df-bd95fe98-yO_WYh.receipt", [[559, 0], [688, 0], [903, 0], [1066, 0], [860, 1], [974, 2]]]
["receipts-3/1494510585-b89bcd45b2f6491281377fed36c251fe-22ee0be6-Ff-g2R.receipt", [[606, 0], [735, 0], [898, 0], [692, 1], [806, 2]]]
["receipts-3/1494511218-6ffb64e5565b4a5c803cd1eba708926e-53d6cf26-Hd-SoU.receipt", [[606, 0], [692, 0], [735, 0], [907, 0], [1070, 0], [864, 1], [978, 2]]]
["receipts-3/1494511293-93e7f8d3ba5a427c82a6c0ed31a698c2-f89082a-69aq-F.receipt", [[156, 0], [162, 0], [484, 0], [533, 0], [680, 0], [876, 0], [959, 0], [631, 1], [778, 2]]]
["receipts-3/1494511982-141ba14fcdaf4a89a2dc9726ad3bf0fe-f85e14bb-4LIx_l.receipt", [[606, 0], [735, 0], [897, 0], [969, 0], [692, 1], [806, 2]]]
["receipts-3/1494513364-3e8ff34ce9f54713bc8f2d495917f927-1ef044b3-aXEZSB.receipt", [[563, 0], [606, 0], [649, 0], [778, 0], [940, 0], [1011, 0], [735, 1], [849, 2]]]
["receipts-3/1494513802-57a8114f3275470aad15bc490381aefb-28b1ca33-4K9Iqg.receipt", [[602, 0], [731, 0], [894, 0], [688, 1], [802, 2]]]
["receipts-3/1494514740-64300e236a734948a5a9da749bb12d91-f86faee7-X1nVlg.receipt", [[396, 0], [445, 0], [494, 0], [683, 0], [768, 0], [963, 0], [1013, 0], [1055, 0], [1301, 0], [591, 1], [865, 2]]]
["receipts-3/1494516061-b89bcd45b2f6491281377fed36c251fe-8f6b456b-VtT0_T.receipt", [[606, 0], [993, 0], [1156, 0], [950, 1], [1064, 2]]]
["receipts-3/1494516110-dfea93ad13e94f65a185c185e509f0a7-c1eac751-0ZgrH0.receipt", [[598, 0], [641, 0], [770, 0], [933, 0], [727, 1], [841, 2]]]
["receipts-3/1494516210-6d5fe7e846e54aca9c5c6917b433897f-8f45fb0c-362Vv3.receipt", [[406, 0], [767, 0], [935, 0], [983, 0], [1028, 0], [1153, 0], [1168, 0], [1181, 0], [722, 1], [827, 2]]]
["receipts-3/1494516526-b52323869eb744ad884ba7282ce5a1b9-9929713b-xP5Opm.receipt", [[606, 0], [649, 0], [778, 0], [941, 0], [1012, 0], [735, 1], [849, 2]]]
["receipts-3/1494516726-d5889487a13c488c8a3cf3c98787b10e-95c22762-y-JUqx.receipt", [[399, 0], [441, 0], [483, 0], [525, 0], [567, 0], [609, 0], [651, 0], [693, 0], [735, 0], [777, 0], [819, 0], [861, 0], [903, 0], [945, 0], [987, 0], [1029, 0], [1117, 0], [1255, 0], [1339, 0], [1074, 1], [1205, 2]]]
["receipts-3/1494517383-57a8114f3275470aad15bc490381aefb-6dbde8aa-KRTWeP.receipt", [[602, 0], [731, 0], [894, 0], [688, 1], [802, 2]]]
["receipts-3/1494519421-b52323869eb744ad884ba7282ce5a1b9-1c53d5c8-wAnbPz.receipt", [[606, 0], [692, 0], [735, 0], [821, 0], [864, 0], [907, 0], [992, 0], [1122, 0], [1285, 0], [1079, 1], [1193, 2]]]
["receipts-3/1494519571-b0840b5590544b4a884ece313b94678b-9b05d2e5-7KZMxz.receipt", [[377, 0], [661, 0], [1024, 0], [1192, 0], [1361, 0], [1486, 0], [1500, 0], [1514, 0], [978, 1], [1084, 2]]]
["receipts-3/1494520082-ab08c8180c45410bb9cdd27e564141df-aedb1f62-IqSKZl.receipt", [[602, 0], [989, 0], [1204, 0], [1367, 0], [1161, 1], [1275, 2]]]
["receipts-3/1494520106-57a8114f3275470aad15bc490381aefb-32b1b682-MrT89m.receipt", [[602, 0], [731, 0], [894, 0], [688, 1], [802, 2]]]
["receipts-3/1494520303-add0726a09b747ef852632e7dde93512-6288cfed-IMSAhR.receipt", [[420, 0], [462, 0], [548, 0], [688, 0], [772, 0], [506, 1], [637, 2]]]
["receipts-3/1494520840-3d007ad238594bb3969a25f90cd13d53-71b6e19b-bySfPf.receipt", [[345, 0], [710, 0], [878, 0], [926, 0], [1050, 0], [1065, 0], [1079, 0], [664, 1], [770, 2]]]
["receipts-3/1494521458-b16ce3e30afc4b6e8c5bf1e0f965244c-7dc5b58d-Ro1yzs.receipt", [[379, 0], [663, 0], [950, 0], [1235, 0], [1519, 0], [1884, 0], [2052, 0], [2221, 0], [2345, 0], [2360, 0], [2374, 0], [1838, 1], [1944, 2]]]
["receipts-3/1494522230-719e28f97bc7466ca6411b9ffb19885e-794df266-LCuhIW.receipt", [[584, 0], [633, 0], [779, 0], [1230, 0], [1280, 0], [1329, 0], [1524, 0], [1739, 0], [1788, 0], [1837, 0], [1426, 1], [1558, 2]]]
["receipts-3/1494522506-60856348a2544273a2099774fddf2034-9c829f8a-mFA3Y1.receipt", [[407, 0], [688, 0], [969, 0], [1328, 0], [1496, 0], [1544, 0], [1589, 0], [1714, 0], [1728, 0], [1742, 0], [1282, 1], [1388, 2]]]
["receipts-3/1494523161-becac0d34b0b437c8e501b1eebbffce1-a9f1be88-I6W9ED.receipt", [[606, 0], [735, 0], [897, 0], [968, 0], [692, 1], [806, 2]]]
["receipts-3/1494523276-f9b3d43a241f4418965839c76415f26c-be504351-rJ_L5c.receipt", [[379, 0], [664, 0], [949, 0], [1234, 0], [1593, 0], [1760, 0], [1929, 0], [2053, 0], [2068, 0], [2082, 0], [1547, 1], [1652, 2]]]
["receipts-3/1494523382-b6e18c5b33934704bc0efd971def386f-c22e71f0-kijedw.receipt", [[417, 0], [459, 0], [587, 0], [715, 0], [799, 0], [503, 1], [545, 1], [667, 2]]]
["receipts-3/1494523519-5cc1068a2a464be59401454a01a3991b-b4a27e1f-yMrwLS.receipt", [[606, 0], [950, 0], [1112, 0], [1183, 0], [907, 1], [1021, 2]]]
["receipts-3/1494523945-8ab7f3558e31484db4c7022c3d9413a3-e5e55d70-HDeUlf.receipt", [[412, 0], [698, 0], [1063, 0], [1231, 0], [1373, 0], [1497, 0], [1512, 0], [1526, 0], [1017, 1], [1123, 2]]]
["receipts-3/1494523946-166ad40206994438bec185b2b6170459-a50ae08b--hkfC6.receipt", [[385, 0], [670, 0], [953, 0], [1314, 0], [1482, 0], [1530, 0], [1576, 0], [1700, 0], [1714, 0], [1728, 0], [1268, 1], [1374, 2]]]
["receipts-3/1494524013-234c47f918d14dceb3b3a27758ba97f1-8b75c6e6-UOfWLY.receipt", [[379, 0], [785, 0], [953, 0], [1001, 0], [1046, 0], [1169, 0], [1185, 0], [1198, 0], [740, 1], [845, 2]]]
["receipts-3/1494524466-5cc1068a2a464be59401454a01a3991b-9e9fab7f-5xYxDO.receipt", [[563, 0], [821, 0], [950, 0], [1112, 0], [1184, 0], [907, 1], [1021, 2]]]
["receipts-3/1494524679-64300e236a734948a5a9da749bb12d91-34a4020b-Y5owPz.receipt", [[396, 0], [445, 0], [494, 0], [683, 0], [768, 0], [963, 0], [1421, 0], [591, 1], [865, 2]]]
["receipts-3/1494524690-cc3d64e61f52482c914d59e6f0d14960-fedde0b2-I15cqt.receipt", [[404, 0], [684, 0], [1045, 0], [1213, 0], [1382, 0], [1507, 0], [1521, 0], [1535, 0], [999, 1], [1105, 2]]]
["receipts-3/1494524766-79775fdf77b94321a20ecd670e7b6940-20ab40dd-2VgZXI.receipt", [[376, 0], [738, 0], [906, 0], [954, 0], [999, 0], [1123, 0], [1138, 0], [1152, 0], [692, 1], [798, 2]]]
["receipts-3/1494524798-215fd1adf81442bbb753bbc051758dda-bfeb9d2a-fHf9Q9.receipt", [[606, 0], [950, 0], [1112, 0], [1183, 0], [907, 1], [1021, 2]]]
["receipts-3/1494524987-7a84594a13fa434cae9c1a63964477bb-c4917c62-ATHW-u.receipt", [[555, 0], [899, 0], [1062, 0], [856, 1], [970, 2]]]
["receipts-3/1494525048-1d4894e34024420aba6300e97b06b98b-1ebaf694-uzxZo8.receipt", [[397, 0], [481, 0], [644, 0], [686, 0], [728, 0], [855, 0], [939, 0], [560, 1], [602, 1], [810, 2]]]
["receipts-3/1494525202-4ba78f5309704042ac5cfeab36126564-2d77fc46-KN8bNf.receipt", [[559, 0], [645, 0], [989, 0], [1152, 0], [946, 1], [1060, 2]]]
["receipts-3/1494525283-dd263281dd1842a59b7250eeed194200-b1b869d7-tGPuH2.receipt", [[403, 0], [685, 0], [969, 0], [1332, 0], [1500, 0], [1548, 0], [1593, 0], [1718, 0], [1732, 0], [1746, 0], [1286, 1], [1392, 2]]]
["receipts-3/1494525466-64300e236a734948a5a9da749bb12d91-3930fc0c--dULHe.receipt", [[396, 0], [445, 0], [634, 0], [719, 0], [914, 0], [964, 0], [1006, 0], [1252, 0], [542, 1], [816, 2]]]
["receipts-3/1494525706-2312ea972deb464faa2d9a05bf82a830-5c37ff32-cixOii.receipt", [[402, 0], [684, 0], [965, 0], [1248, 0], [1532, 0], [1814, 0], [2174, 0], [2342, 0], [2484, 0], [2608, 0], [2623, 0], [2637, 0], [2128, 1], [2234, 2]]]
["receipts-3/1494525995-bb335335d98741eea041fd0c5db17e34-af4d181c-wbKKJL.receipt", [[401, 0], [686, 0], [969, 0], [1252, 0], [1613, 0], [1781, 0], [1950, 0], [2075, 0], [2089, 0], [2103, 0], [1567, 1], [1673, 2]]]
["receipts-3/1494526131-dfea93ad13e94f65a185c185e509f0a7-62c2181f-y-9YxR.receipt", [[606, 0], [692, 0], [735, 0], [821, 0], [1079, 0], [1241, 0], [1313, 0], [1036, 1], [1150, 2]]]
["receipts-3/1494526144-d8bfe18c87114ba0bcf4e42cd7657f80-1da6fff5-rGJz7r.receipt", [[347, 0], [632, 0], [917, 0], [1201, 0], [1487, 0], [1852, 0], [2020, 0], [2068, 0], [2113, 0], [2237, 0], [2252, 0], [2266, 0], [1806, 1], [1912, 2]]]
["receipts-3/1494526269-a343e342f8784f0396dfb38f9e6e6881-7ccbf2b8-5DVNGv.receipt", [[554, 0], [640, 0], [683, 0], [726, 0], [769, 0], [983, 0], [1113, 0], [1276, 0], [1070, 1], [1184, 2]]]
["receipts-3/1494526371-ae21a8f8000248139769b03a935a2233-dee80efc-Rmni56.receipt", [[598, 0], [813, 0], [1114, 0], [1276, 0], [1070, 1], [1184, 2]]]
["receipts-3/1494526391-040b6645cf1541b08601c5021e931881-4df4509b-cYhBRi.receipt", [[563, 0], [864, 0], [1251, 0], [1413, 0], [1485, 0], [1207, 1], [1321, 2]]]
["receipts-3/1494526421-a81f7ccb51514f84bce80000af7a6b40-479d37c6-89L2cF.receipt", [[376, 0], [657, 0], [940, 0], [1223, 0], [1507, 0], [1789, 0], [2070, 0], [2471, 0], [2704, 0], [2936, 0], [3167, 0], [3480, 0], [3648, 0], [3817, 0], [3941, 0], [3956, 0], [3970, 0], [3434, 1], [3540, 2]]]
["receipts-3/1494526507-1d4894e34024420aba6300e97b06b98b-5577bd82-Mau5lR.receipt", [[397, 0], [482, 0], [626, 0], [668, 0], [710, 0], [838, 0], [962, 0], [542, 1], [584, 1], [793, 2]]]
["receipts-3/1494526648-66642aa7921f40c18ce3ac96aa6883c9-660e0e54-mBX-xF.receipt", [[409, 0], [691, 0], [974, 0], [1254, 0], [1615, 0], [1782, 0], [1827, 0], [1996, 0], [2121, 0], [2135, 0], [2149, 0], [1569, 1], [1674, 2]]]
["receipts-3/1494526788-22d5b0ee83484cf384751e122a7b6fab-1fc2464d-iP7ZWJ.receipt", [[436, 0], [566, 0], [609, 0], [738, 0], [900, 0], [694, 1], [808, 2]]]
["receipts-3/1494526826-1338ac6afb1e4ed1ac8a6645c395f4d9-7a4e8513-SgiOBz.receipt", [[563, 0], [950, 0], [1113, 0], [907, 1], [1021, 2]]]
["receipts-3/1494527446-55ed03a2736347a696314103ae520b7f-6d2c1e5b-0ka11P.receipt", [[538, 0], [803, 0], [849, 0], [909, 0], [1017, 0], [1161, 0], [1288, 0], [1300, 0], [1314, 0], [2412, 0], [2723, 0], [2891, 0], [3035, 0], [3162, 0], [3174, 0], [3188, 0], [2677, 1], [2783, 2]]]
["receipts-3/1494527446-5cc1068a2a464be59401454a01a3991b-5eea944d-QTMckW.receipt", [[563, 0], [864, 0], [1251, 0], [1413, 0], [1207, 1], [1321, 2]]]
["receipts-3/1494527508-8ab7f3558e31484db4c7022c3d9413a3-3e42ad9-WHGhmg.receipt", [[413, 0], [698, 0], [1061, 0], [1229, 0], [1277, 0], [1323, 0], [1446, 0], [1461, 0], [1475, 0], [1015, 1], [1121, 2]]]
["receipts-3/1494527561-c021caa8a5c941a6b97596e7870022e8-64d3d2b2-GzkIrc.receipt", [[406, 0], [517, 0], [635, 0], [745, 0], [475, 1], [585, 2]]]
["receipts-3/1494527960-11e116c086ff4dbea4e5174cc7222ee2-d69dff08-ae4B3z.receipt", [[400, 0], [683, 0], [964, 0], [1245, 0], [1526, 0], [1807, 0], [2166, 0], [2334, 0], [2382, 0], [2428, 0], [2552, 0], [2566, 0], [2580, 0], [2120, 1], [2226, 2]]]
["receipts-3/1494528307-66642aa7921f40c18ce3ac96aa6883c9-9ec3e20b-WL3NMX.receipt", [[410, 0], [691, 0], [972, 0], [1252, 0], [1534, 0], [1817, 0], [2097, 0], [2380, 0], [2777, 0], [3010, 0], [3322, 0], [3490, 0], [3659, 0], [3784, 0], [3798, 0], [3812, 0], [3276, 1], [3382, 2]]]
["receipts-3/1494528321-18a52dc9d384414e902c1faf2138846a-ff1cedf9-UwL3md.receipt", [[598, 0], [770, 0], [933, 0], [727, 1], [841, 2]]]
["receipts-3/1494528389-2f29fd6c5c764eb78f6c676fa5dc4039-96604e32-U0RGTv.receipt", [[378, 0], [663, 0], [946, 0], [1229, 0], [1512, 0], [1795, 0], [2078, 0], [2361, 0], [2722, 0], [2890, 0], [2938, 0], [2984, 0], [3108, 0], [3122, 0], [3136, 0], [2676, 1], [2782, 2]]]
["receipts-3/1494528405-91a72943227c448983c012ff606f286c-2a520461-HNL9QF.receipt", [[563, 0], [606, 0], [735, 0], [897, 0], [968, 0], [692, 1], [806, 2]]]
["receipts-3/1494528456-66642aa7921f40c18ce3ac96aa6883c9-5f8daeac-OUKscx.receipt", [[409, 0], [691, 0], [973, 0], [1334, 0], [1502, 0], [1644, 0], [1769, 0], [1783, 0], [1797, 0], [1288, 1], [1394, 2]]]
["receipts-3/1494528739-c1380912120f45ee85c2c1f6ad77d2f7-9126de97-uxmPQJ.receipt", [[403, 0], [686, 0], [967, 0], [1247, 0], [1529, 0], [1890, 0], [2058, 0], [2227, 0], [2352, 0], [2366, 0], [2380, 0], [1844, 1], [1950, 2]]]
["receipts-3/1494528859-0db15c90c79d41d7ac3cc20e8ced8c50-f2ee38c6-VZ4fYM.receipt", [[405, 0], [689, 0], [972, 0], [1257, 0], [1621, 0], [1789, 0], [1837, 0], [1882, 0], [2007, 0], [2021, 0], [2035, 0], [1575, 1], [1681, 2]]]
["receipts-3/1494528902-02d8a600b5cd44b7865560cd5fe8cb12-981f5e9e-JJezpO.receipt", [[400, 0], [589, 0], [784, 0], [834, 0], [876, 0], [911, 0], [498, 1], [686, 2]]]
["receipts-3/1494529041-2909cfbcfbeb42d1b5a1256eab0e38f5-bae4e295-NXdVR1.receipt", [[154, 0], [160, 0], [525, 0], [574, 0], [763, 0], [958, 0], [1008, 0], [1050, 0], [1085, 0], [671, 1], [860, 2]]]
["receipts-3/1494529220-753e802b81c94a86b15b836726488e03-4da3c682-_Us_hZ.receipt", [[401, 0], [681, 0], [964, 0], [1244, 0], [1526, 0], [1887, 0], [2055, 0], [2103, 0], [2149, 0], [2273, 0], [2287, 0], [2301, 0], [1841, 1], [1947, 2]]]
["receipts-3/1494529453-5c81532bc01b43faa79d203b2d8e793d-d5b49dc6-I2r_oj.receipt", [[402, 0], [684, 0], [967, 0], [1326, 0], [1494, 0], [1542, 0], [1588, 0], [1712, 0], [1726, 0], [1740, 0], [1280, 1], [1386, 2]]]
["receipts-3/1494529474-57a8114f3275470aad15bc490381aefb-d0cf91a3-i3CCkW.receipt", [[602, 0], [860, 0], [1247, 0], [1409, 0], [1203, 1], [1317, 2]]]
["receipts-3/1494529474-6d5fe7e846e54aca9c5c6917b433897f-1d7796f9-H6UnCh.receipt", [[406, 0], [689, 0], [1088, 0], [1400, 0], [1568, 0], [1616, 0], [1662, 0], [1786, 0], [1801, 0], [1814, 0], [1355, 1], [1460, 2]]]
["receipts-3/1494529658-2909cfbcfbeb42d1b5a1256eab0e38f5-acd879d0-WnYC14.receipt", [[154, 0], [160, 0], [525, 0], [574, 0], [622, 0], [672, 0], [861, 0], [1056, 0], [1106, 0], [1148, 0], [1183, 0], [769, 1], [958, 2]]]
["receipts-3/1494529751-2ee70bbadb5744169e0c016c85f034fe-4339d937-5DZHZJ.receipt", [[606, 0], [692, 0], [1036, 0], [1199, 0], [1270, 0], [993, 1], [1107, 2]]]
["receipts-3/1494529825-12780683803e4741b201708c0d154eb4-e050346c-XYbFUd.receipt", [[602, 0], [731, 0], [817, 0], [989, 0], [1151, 0], [946, 1], [1059, 2]]]
["receipts-3/1494529887-59836666323b4f7f989752e71ec616b1-7493cf7-exWbsQ.receipt", [[559, 0], [688, 0], [1032, 0], [1195, 0], [989, 1], [1103, 2]]]
["receipts-3/1494529995-54bb1ec6af8d42bcb490a5205742a3a1-948d1c62-9YS8Wn.receipt", [[402, 0], [804, 0], [1116, 0], [1283, 0], [1331, 0], [1454, 0], [1470, 0], [1483, 0], [1071, 1], [1175, 2]]]
["receipts-3/1494530037-29c09c2e6a7f49298cd0138fab1aa7e6-479fa231-HfdwwW.receipt", [[513, 0], [745, 0], [977, 0], [1242, 0], [1288, 0], [1349, 0], [1457, 0], [1628, 0], [1755, 0], [1767, 0], [1781, 0], [2771, 0], [3003, 0], [3235, 0], [3546, 0], [3715, 0], [3886, 0], [4013, 0], [4025, 0], [4039, 0], [3500, 1], [3607, 2]]]
["receipts-3/1494530126-dfea93ad13e94f65a185c185e509f0a7-4eba8534-hEBiFl.receipt", [[606, 0], [821, 0], [984, 0], [1055, 0], [778, 1], [892, 2]]]
["receipts-3/1494530317-82fdb3f9e0de4cbc9617043cd29ab162-8eb88016-Qr6m8l.receipt", [[349, 0], [634, 0], [919, 0], [1204, 0], [1489, 0], [1773, 0], [2174, 0], [2526, 0], [2878, 0], [3190, 0], [3358, 0], [3527, 0], [3651, 0], [3666, 0], [3680, 0], [3695, 0], [3708, 0], [3722, 0], [3144, 1], [3250, 2]]]
["receipts-3/1494530579-1c26a17a3bf148b1bf9792129f44308a-1eff6f6e-Up2Xmi.receipt", [[391, 0], [435, 0], [564, 0], [726, 0], [520, 1], [634, 2]]]
["receipts-3/1494530694-140dcc675f0b4e58b42861b56121a2fb-c62686aa-fiOe7N.receipt", [[606, 0], [692, 0], [821, 0], [984, 0], [778, 1], [892, 2]]]
["receipts-3/1494530727-23ec2d9efd994fce8d42877db07eda02-975fb784-Qtxvq9.receipt", [[555, 0], [770, 0], [1028, 0], [1243, 0], [1286, 0], [1371, 0], [1501, 0], [1663, 0], [1734, 0], [1457, 1], [1571, 2]]]
["receipts-3/1494530743-fb426d7db9dd498db49d530cff69e249-2d72a77f-RyVEVI.receipt", [[531, 0], [580, 0], [769, 0], [964, 0], [999, 0], [677, 1], [866, 2]]]
["receipts-3/1494530880-1979c4bca69543bca423996b46a71eec-60ce0850-aK0l1l.receipt", [[400, 0], [687, 0], [972, 0], [1257, 0], [1620, 0], [1788, 0], [1836, 0], [1881, 0], [2005, 0], [2020, 0], [2034, 0], [1574, 1], [1680, 2]]]
["receipts-3/1494530970-ecd7c82ceeb246e68462bd36a67b6405-f95feea9-kEkbUY.receipt", [[563, 0], [864, 0], [1026, 0], [1098, 0], [821, 1], [935, 2]]]
["receipts-3/1494531030-a988411655d64c93966eb367ad619e3a-f1d9b76b-W-rOsp.receipt", [[375, 0], [735, 0], [903, 0], [1072, 0], [1195, 0], [1211, 0], [1224, 0], [690, 1], [795, 2]]]
["receipts-3/1494531059-9d916049a4df44dba7e07d9ca961efb7-6c4b306e-Xprsrs.receipt", [[381, 0], [665, 0], [949, 0], [1234, 0], [1517, 0], [1800, 0], [2083, 0], [2366, 0], [2649, 0], [2932, 0], [3214, 0], [3616, 0], [3848, 0], [4080, 0], [4393, 0], [4561, 0], [4703, 0], [4828, 0], [4842, 0], [4856, 0], [4347, 1], [4453, 2]]]
["receipts-3/1494531070-29c09c2e6a7f49298cd0138fab1aa7e6-6ecf3c3f-lOk1HF.receipt", [[377, 0], [660, 0], [943, 0], [1304, 0], [1472, 0], [1641, 0], [1766, 0], [1780, 0], [1794, 0], [1258, 1], [1364, 2]]]
["receipts-3/1494531145-c037d895371a46dd9c5e49a249dc1457-5917202-vRqg4Y.receipt", [[378, 0], [664, 0], [951, 0], [1314, 0], [1482, 0], [1530, 0], [1576, 0], [1699, 0], [1714, 0], [1728, 0], [1268, 1], [1374, 2]]]
["receipts-3/1494531430-0931b397c92641ba92600e0aeb9642b9-8c925e3b-Tn1ALz.receipt", [[400, 0], [681, 0], [1040, 0], [1208, 0], [1253, 0], [1422, 0], [1546, 0], [1561, 0], [1574, 0], [995, 1], [1100, 2]]]
["receipts-3/1494531442-59002e3fbc5241a48afd337d82adb05b-b6366218-Lpdt1A.receipt", [[405, 0], [764, 0], [931, 0], [979, 0], [1025, 0], [1149, 0], [1164, 0], [1177, 0], [719, 1], [824, 2]]]
["receipts-3/1494531444-59002e3fbc5241a48afd337d82adb05b-b6366218--YRPYX.receipt", [[405, 0], [764, 0], [931, 0], [979, 0], [1025, 0], [1149, 0], [1164, 0], [1177, 0], [719, 1], [824, 2]]]
["receipts-3/1494531689-4450aba76670472181264a0b271a39fe-98dd9f87-t3C7yi.receipt", [[606, 0], [735, 0], [897, 0], [968, 0], [692, 1], [806, 2]]]
["receipts-3/1494531722-71b62fc90efb40b582ca49881195aa7f-ddabf06b-wAqL7D.receipt", [[409, 0], [693, 0], [1055, 0], [1223, 0], [1271, 0], [1317, 0], [1441, 0], [1455, 0], [1469, 0], [1009, 1], [1115, 2]]]
["receipts-3/1494531910-1e5448b4a02d4cde87207609167c130e-be2681bd-LAbIWv.receipt", [[401, 0], [682, 0], [1009, 0], [1368, 0], [1535, 0], [1583, 0], [1628, 0], [1753, 0], [1768, 0], [1781, 0], [1323, 1], [1428, 2]]]
["receipts-3/1494532094-4450aba76670472181264a0b271a39fe-dc9f60a8-ZQs5dS.receipt", [[602, 0], [688, 0], [817, 0], [989, 0], [1152, 0], [946, 1], [1060, 2]]]
["receipts-3/1494532135-f583676fd6864c7987643f91edbac805-747bbaba-KuYKBe.receipt", [[379, 0], [662, 0], [945, 0], [1228, 0], [1511, 0], [1872, 0], [2040, 0], [2209, 0], [2334, 0], [2348, 0], [2362, 0], [1826, 1], [1932, 2]]]
["receipts-3/1494532144-3d007ad238594bb3969a25f90cd13d53-a1a2f4a5-KlH56l.receipt", [[345, 0], [631, 0], [1032, 0], [1345, 0], [1513, 0], [1655, 0], [1779, 0], [1794, 0], [1808, 0], [1299, 1], [1405, 2]]]
["receipts-3/1494532333-a81f7ccb51514f84bce80000af7a6b40-33977927-WGbshk.receipt", [[375, 0], [737, 0], [905, 0], [953, 0], [999, 0], [1122, 0], [1137, 0], [1151, 0], [691, 1], [797, 2]]]
["receipts-3/1494532374-712376bdc0554d2395176ac1cc050aa4-cdf657f9-ESBYIO.receipt", [[379, 0], [744, 0], [912, 0], [960, 0], [1006, 0], [1129, 0], [1144, 0], [1158, 0], [698, 1], [804, 2]]]
["receipts-3/1494532392-c33d356056c645eabc22396a8e24c278-d733eec6-gm5itL.receipt", [[484, 0], [534, 0], [728, 0], [828, 0], [1009, 0], [680, 1], [926, 2]]]
["receipts-3/1494533127-c3f545dad49742199b460e3a612f0278-f8789571-9BqBQH.receipt", [[378, 0], [663, 0], [945, 0], [1308, 0], [1476, 0], [1618, 0], [1743, 0], [1757, 0], [1771, 0], [1262, 1], [1368, 2]]]
["receipts-3/1494534644-61b849f2a5a54d3f9c3c3286bfcf4eab-cce183f3-e-6EnK.receipt", [[606, 0], [655, 0], [704, 0], [801, 0], [900, 0], [1095, 0], [1130, 0], [850, 1], [997, 2]]]
