["receipts-1/1494458866-e6150105fc5649eab0f2070ef645cc44-7ae81a2c-gLJJHx.receipt", [[451, 0], [459, 0], [587, 0], [696, 0], [733, 0], [809, 0], [544, 1], [660, 2]]]
["receipts-1/1494459081-2aa909c617744aebb895e5ed162a7adb-84e60888-rAHBWD.receipt", [[518, 0], [526, 0], [654, 0], [763, 0], [800, 0], [876, 0], [611, 1], [727, 2]]]
["receipts-1/1494459337-71366eaaa2454a06bed7feb0c717810e-6c70dc4d-LtOKLh.receipt", [[516, 0], [525, 0], [558, 0], [567, 0], [600, 0], [609, 0], [642, 0], [651, 0], [684, 0], [692, 0], [820, 0], [929, 0], [966, 0], [1042, 0], [777, 1], [893, 2]]]
["receipts-1/1494459724-2e1ad5404b68489c8438f664a6fc7a0c-cc37d7d5--szaGY.receipt", [[500, 0], [509, 0], [542, 0], [551, 0], [678, 0], [787, 0], [823, 0], [636, 1], [752, 2]]]
["receipts-1/1494459884-37390d9fee4b407c881082ae54ad6247-903209a9-IQTuYM.receipt", [[448, 0], [457, 0], [633, 0], [743, 0], [779, 0], [591, 1], [707, 2]]]
["receipts-1/1494460121-1df924f4a66842349b955c4189248f3d-47f00c08-rhRkLJ.receipt", [[486, 0], [495, 0], [528, 0], [537, 0], [570, 0], [579, 0], [612, 0], [621, 0], [748, 0], [705, 1], [821, 2], [864, 2]]]
["receipts-1/1494460150-45dc8639b39340df9b783195f6cff286-7207bc0c-exy1Rw.receipt", [[445, 0], [453, 0], [581, 0], [690, 0], [727, 0], [803, 0], [538, 1], [654, 2]]]
["receipts-1/1494460252-774ff4ce108b4d7284d53353d132fb31-e1d7af6b-hbuSI6.receipt", [[508, 0], [517, 0], [550, 0], [558, 0], [686, 0], [643, 1], [802, 2], [759, 2]]]
["receipts-1/1494460358-578b077502c14cbf94a7afadf86e9739-3245f0a9-cMjC5y.receipt", [[443, 0], [452, 0], [485, 0], [494, 0], [527, 0], [536, 0], [569, 0], [578, 0], [611, 0], [620, 0], [653, 0], [662, 0], [695, 0], [704, 0], [737, 0], [746, 0], [873, 0], [830, 1], [946, 2], [989, 2]]]
["receipts-1/1494460388-fe2af2a9dd0b4ae28965c6c524820409-60f9a3d5-CAR3Jp.receipt", [[522, 0], [530, 0], [564, 0], [573, 0], [700, 0], [809, 0], [657, 1], [773, 2]]]
["receipts-1/1494460713-199a8af4d4474337948089a9b34588f1-769e4e00-qUkV6m.receipt", [[451, 0], [460, 0], [493, 0], [502, 0], [535, 0], [544, 0], [577, 0], [586, 0], [713, 0], [822, 0], [859, 0], [935, 0], [670, 1], [786, 2]]]
["receipts-1/1494460876-b16317e161be4491aad0289b43bd7907-671629fc-wcMP4C.receipt", [[450, 0], [459, 0], [586, 0], [544, 1], [659, 2], [702, 2]]]
["receipts-1/1494461205-37390d9fee4b407c881082ae54ad6247-4992329d-a5lt_e.receipt", [[448, 0], [456, 0], [633, 0], [742, 0], [590, 1], [706, 2]]]
["receipts-1/1494461299-4b9138cfcdda4ceab604869013c81c2b-3e0b1401-3SjiCx.receipt", [[421, 0], [430, 0], [463, 0], [472, 0], [505, 0], [514, 0], [547, 0], [556, 0], [683, 0], [640, 1], [756, 2], [799, 2]]]
["receipts-1/1494461313-ac7399229d7c4ed3a67e28c16c03bbac-4ba21a92-ir3doc.receipt", [[521, 0], [530, 0], [563, 0], [572, 0], [699, 0], [809, 0], [845, 0], [922, 0], [657, 1], [773, 2]]]
["receipts-1/1494461940-8160a893a7444a6889282a18ca2b7485-7fb55ffe-AkfCcY.receipt", [[506, 0], [515, 0], [548, 0], [557, 0], [684, 0], [793, 0], [641, 1], [757, 2]]]
["receipts-1/1494462009-e4f899a15bce48828e868f7b3dd6e4b2-ce5799b9-UkX4KE.receipt", [[233, 0], [268, 0], [37, 1], [135, 2]]]
["receipts-1/1494462186-cb74ee0d4ae44217a44c16b6720ef210-ebf26a2d-QYakCW.receipt", [[407, 0], [691, 0], [1053, 0], [1221, 0], [1269, 0], [1315, 0], [1439, 0], [1453, 0], [1467, 0], [1007, 1], [1113, 2]]]
["receipts-1/1494462203-6b64425e8ca84815a48cba63db1e7555-decd015f-NMR4YQ.receipt", [[598, 0], [813, 0], [985, 0], [1148, 0], [942, 1], [1056, 2]]]
["receipts-1/1494462225-e88e3389fb6b40f09d0ba361f329c9a5-7b00ed4a-BXRmhr.receipt", [[414, 0], [564, 0], [693, 0], [817, 0], [522, 1], [480, 1], [644, 2]]]
["receipts-1/1494462239-8fcf3d38daf74dc6a1f85971762bc206-3ef61ad4-ntFcVv.receipt", [[380, 0], [663, 0], [1024, 0], [1192, 0], [1240, 0], [1286, 0], [1410, 0], [1424, 0], [1438, 0], [978, 1], [1084, 2]]]
["receipts-1/1494462376-2cccdd84366c498a866a75d0a2d9416e-41d90488-0kxpeP.receipt", [[417, 0], [528, 0], [657, 0], [781, 0], [486, 1], [608, 2]]]
["receipts-1/1494462474-fdd890a84b834b66b625c76259bdfa39-a630a067-uOuGPD.receipt", [[598, 0], [640, 0], [684, 0], [1071, 0], [1233, 0], [1277, 0], [1027, 1], [1141, 2]]]
["receipts-1/1494462484-6d22e3cc80cb4671a18fb35cc7a4c72a-293072e0-Zfpaqd.receipt", [[402, 0], [765, 0], [932, 0], [980, 0], [1025, 0], [1149, 0], [1165, 0], [1178, 0], [720, 1], [825, 2]]]
["receipts-1/1494462584-c973dce8c4254a0baa2f0079673a2b93-db8d1e13-P9fxUv.receipt", [[401, 0], [685, 0], [1045, 0], [1213, 0], [1382, 0], [1506, 0], [1521, 0], [1535, 0], [999, 1], [1105, 2]]]
["receipts-1/1494462596-cff000888fc041f9a86612b4daccff57-31ef1763-TDng40.receipt", [[269, 0], [306, 0], [350, 0], [435, 0], [523, 0], [571, 0], [392, 1], [479, 2]]]
["receipts-1/1494462638-e66042ca24374346a0b97e160c3f7b3b-16ff5069-whmp2T.receipt", [[469, 0], [478, 0], [511, 0], [520, 0], [553, 0], [562, 0], [595, 0], [604, 0], [781, 0], [738, 1], [854, 2], [897, 2]]]
["receipts-1/1494462681-b6e18c5b33934704bc0efd971def386f-d84172ba-lO5r4Z.receipt", [[417, 0], [592, 0], [721, 0], [844, 0], [550, 1], [508, 1], [672, 2]]]
["receipts-1/1494462708-e2011e2a2cb7485aa267f1c5fc8c5379-6a830f81-Yy68xR.receipt", [[350, 0], [479, 0], [522, 0], [565, 0], [651, 0], [694, 0], [737, 0], [866, 0], [1028, 0], [822, 1], [936, 2]]]
["receipts-1/1494462839-e72608fb4b2b458caea9eda38c24dcb1-dbd0d762-WjEMpI.receipt", [[400, 0], [449, 0], [497, 0], [547, 0], [694, 0], [874, 0], [1103, 0], [1152, 0], [1201, 0], [644, 1], [791, 2]]]
["receipts-1/1494462902-b9f285f0c8514753b2e399d4f1ef20b8-e56c2f10-0RU64z.receipt", [[540, 0], [771, 0], [1003, 0], [1268, 0], [1314, 0], [1375, 0], [1483, 0], [1531, 0], [1657, 0], [1670, 0], [1684, 0], [2701, 0], [2932, 0], [3164, 0], [3475, 0], [3644, 0], [3692, 0], [3818, 0], [3831, 0], [3845, 0], [3429, 1], [3536, 2]]]
["receipts-1/1494462940-f9b3d43a241f4418965839c76415f26c-42d2bf94-vgN_y3.receipt", [[518, 0], [783, 0], [829, 0], [890, 0], [998, 0], [1046, 0], [1172, 0], [1185, 0], [1199, 0], [2194, 0], [2505, 0], [2674, 0], [2722, 0], [2848, 0], [2861, 0], [2875, 0], [2459, 1], [2566, 2]]]
["receipts-1/1494462948-b3eaaa9143734a45a9566f0ee5a8e751-51bbabb0-qUUf-X.receipt", [[480, 0], [541, 0], [688, 0], [779, 0], [645, 1], [733, 2]]]
["receipts-1/1494462985-8fcf3d38daf74dc6a1f85971762bc206-c68d3306-rKFuOr.receipt", [[379, 0], [663, 0], [948, 0], [1231, 0], [1514, 0], [1797, 0], [2080, 0], [2363, 0], [2724, 0], [2892, 0], [3061, 0], [3186, 0], [3200, 0], [3214, 0], [2678, 1], [2784, 2]]]
["receipts-1/1494463123-c128676f20b048a4988e8a5cd4bb588e-87da6102-ZK9P52.receipt", [[213, 0], [220, 0], [271, 0], [327, 0], [248, 1], [306, 2]]]
["receipts-1/1494463140-dfea93ad13e94f65a185c185e509f0a7-71e54bca-QzqYI3.receipt", [[606, 0], [778, 0], [941, 0], [735, 1], [849, 2]]]
["receipts-1/1494463349-b3ee6917fef64171a679a401edf41bef-490098ab-PFoUxw.receipt", [[376, 0], [739, 0], [907, 0], [1076, 0], [1201, 0], [1215, 0], [1229, 0], [693, 1], [799, 2]]]
["receipts-1/1494463420-98ceb2181eaa4c61a3aa2b28d05b25b1-9239d98f-80IjXb.receipt", [[606, 0], [950, 0], [1113, 0], [1184, 0], [907, 1], [1021, 2]]]
["receipts-1/1494463466-ac2d54f4dc85456ba2b8e05aadd05095-29ea3127-bCJ17F.receipt", [[379, 0], [666, 0], [950, 0], [1315, 0], [1483, 0], [1531, 0], [1577, 0], [1700, 0], [1715, 0], [1729, 0], [1269, 1], [1375, 2]]]
["receipts-1/1494463504-712376bdc0554d2395176ac1cc050aa4-4f6f5aae--3Ke69.receipt", [[377, 0], [663, 0], [949, 0], [1235, 0], [1522, 0], [1881, 0], [2049, 0], [2218, 0], [2342, 0], [2357, 0], [2371, 0], [1835, 1], [1941, 2]]]
["receipts-1/1494463591-b5c244f9cf7d460796b12689a1c60844-35ba6c7f-liNIkk.receipt", [[443, 0], [590, 0], [771, 0], [541, 1], [688, 2]]]
["receipts-1/1494463648-a3600d106e254a9c97950550eba6bc9f-f2733737--x8wVt.receipt", [[403, 0], [688, 0], [1051, 0], [1219, 0], [1361, 0], [1485, 0], [1500, 0], [1514, 0], [1005, 1], [1111, 2]]]
["receipts-1/1494463677-2d35e327ccbc404b999e800c55ca6700-68f7196a-cFGwT5.receipt", [[376, 0], [663, 0], [1022, 0], [1189, 0], [1358, 0], [1482, 0], [1497, 0], [1511, 0], [976, 1], [1081, 2]]]
["receipts-1/1494463694-4551bb04cadc40c3a9eb39b36d4005bd-4e83f8bd-_YaMrq.receipt", [[520, 0], [529, 0], [562, 0], [571, 0], [604, 0], [613, 0], [646, 0], [655, 0], [688, 0], [697, 0], [730, 0], [739, 0], [866, 0], [975, 0], [823, 1], [939, 2]]]
["receipts-1/1494463721-c769c0b636164e6fac9e8232946cfba1-39352e58-BlGPq9.receipt", [[488, 0], [537, 0], [586, 0], [775, 0], [955, 0], [683, 1], [872, 2]]]
["receipts-1/1494463789-3d007ad238594bb3969a25f90cd13d53-bb73dff4-w5VB9Q.receipt", [[485, 0], [717, 0], [981, 0], [1027, 0], [1088, 0], [1196, 0], [1244, 0], [1370, 0], [1383, 0], [1397, 0], [2442, 0], [2674, 0], [2984, 0], [3153, 0], [3201, 0], [3327, 0], [3340, 0], [3354, 0], [2938, 1], [3045, 2]]]
["receipts-1/1494463956-19a9111d7bdb4c61b753ecd1c015dd63-b6bd9d0d-gPjWC5.receipt", [[485, 0], [552, 0], [678, 0], [817, 0], [950, 0], [594, 1], [635, 1], [766, 2]]]
["receipts-1/1494464007-84a643ee398b40e2af7c6392a37d0431-349a7ca7-TNuCI-.receipt", [[532, 0], [541, 0], [574, 0], [583, 0], [616, 0], [625, 0], [752, 0], [861, 0], [898, 0], [710, 1], [826, 2]]]
["receipts-1/1494464054-f9b3d43a241f4418965839c76415f26c-991224e5-a4KcC7.receipt", [[380, 0], [745, 0], [913, 0], [961, 0], [1007, 0], [1130, 0], [1145, 0], [1159, 0], [699, 1], [805, 2]]]
["receipts-1/1494464074-9b861aa6ad994705b5a21287886f39bc-c7e526ec-kFJtxf.receipt", [[348, 0], [434, 0], [563, 0], [725, 0], [797, 0], [519, 1], [633, 2]]]
["receipts-1/1494464089-8160a893a7444a6889282a18ca2b7485-59985705-em3wBZ.receipt", [[439, 0], [448, 0], [481, 0], [490, 0], [523, 0], [532, 0], [565, 0], [574, 0], [701, 0], [817, 0], [658, 1], [774, 2]]]
["receipts-1/1494464185-065ea01f05454a55828f3a8e7b2bbde8-c35dd15c-EWBPVK.receipt", [[486, 0], [534, 0], [584, 0], [731, 0], [926, 0], [961, 0], [681, 1], [828, 2]]]
["receipts-1/1494464192-c1d97d6fcb524e1dbf2c8509b690042d-e13f8a0c-i2D82k.receipt", [[509, 0], [518, 0], [600, 0], [609, 0], [691, 0], [700, 0], [876, 0], [985, 0], [1022, 0], [834, 1], [949, 2]]]
["receipts-1/1494464245-d0a8cf8d1c40463d9af61b973db07f0b-68dd02df-wihBBp.receipt", [[524, 0], [533, 0], [566, 0], [575, 0], [608, 0], [617, 0], [650, 0], [659, 0], [786, 0], [895, 0], [932, 0], [743, 1], [859, 2]]]
["receipts-1/1494464249-64d99ed15b9e45deb6c40a8f78e6d84d-e5a554b4--aG1qx.receipt", [[423, 0], [432, 0], [559, 0], [668, 0], [704, 0], [517, 1], [633, 2]]]
["receipts-1/1494464260-167c2a9334f84549a9bf84c90399d8ea-387ca506-lPREH_.receipt", [[557, 0], [729, 0], [892, 0], [963, 0], [686, 1], [800, 2]]]
["receipts-1/1494464450-ea948de1700b4cd69586fffc17abd8dd-1cf4bc6e-9Tl9rm.receipt", [[398, 0], [453, 0], [581, 0], [496, 1], [539, 1], [669, 2]]]
["receipts-1/1494464481-38b743e0cad54ec0825b74d3b367986d-2dfabc29-Uriim-.receipt", [[379, 0], [662, 0], [945, 0], [1228, 0], [1511, 0], [1647, 0], [1853, 0], [2136, 0], [2419, 0], [2702, 0], [2984, 0], [3269, 0], [3405, 0], [3689, 0], [3948, 0], [4117, 0], [4242, 0], [4256, 0], [4270, 0], [3643, 1], [3748, 2]]]
["receipts-1/1494464526-96178f4791224f87995690aeae7caf65-253fe7a9-kE_V6Y.receipt", [[394, 0], [436, 0], [478, 0], [620, 0], [759, 0], [884, 0], [577, 1], [708, 2]]]
["receipts-1/1494464553-753e802b81c94a86b15b836726488e03-1d202e70-pJqIjs.receipt", [[401, 0], [760, 0], [928, 0], [1097, 0], [1222, 0], [1237, 0], [1250, 0], [715, 1], [820, 2]]]
["receipts-1/1494464559-3d007ad238594bb3969a25f90cd13d53-2871e8c-Fujabh.receipt", [[346, 0], [632, 0], [919, 0], [1320, 0], [1553, 0], [1865, 0], [2033, 0], [2175, 0], [2299, 0], [2315, 0], [2328, 0], [1820, 1], [1925, 2]]]
["receipts-1/1494464629-c3f545dad49742199b460e3a612f0278-9e4663e7-M4Gxbj.receipt", [[379, 0], [662, 0], [945, 0], [1228, 0], [1589, 0], [1757, 0], [1805, 0], [1850, 0], [1975, 0], [1989, 0], [2003, 0], [1543, 1], [1649, 2]]]
["receipts-1/1494464675-a390b7d7f1ac4b59bf4a865de7c46789-444c022a-xfFKqb.receipt", [[379, 0], [738, 0], [906, 0], [954, 0], [1079, 0], [1094, 0], [1107, 0], [693, 1], [798, 2]]]
["receipts-1/1494464718-becac0d34b0b437c8e501b1eebbffce1-c36b9925-apTat2.receipt", [[563, 0], [649, 0], [735, 0], [821, 0], [950, 0], [1112, 0], [906, 1], [1020, 2]]]
["receipts-1/1494464773-c3f545dad49742199b460e3a612f0278-43839a4d-yoVNeU.receipt", [[378, 0], [662, 0], [946, 0], [1231, 0], [1513, 0], [1797, 0], [2081, 0], [2444, 0], [2612, 0], [2781, 0], [2906, 0], [2920, 0], [2934, 0], [2398, 1], [2504, 2]]]
["receipts-1/1494464835-78a84734a37d4376b8c94afb10e78f81-47a3b9f7-bdjrRz.receipt", [[380, 0], [421, 0], [463, 0], [550, 0], [592, 0], [507, 1], [674, 2]]]
["receipts-1/1494464880-8160a893a7444a6889282a18ca2b7485-917d2669-HtPtfV.receipt", [[506, 0], [515, 0], [548, 0], [557, 0], [590, 0], [599, 0], [726, 0], [835, 0], [872, 0], [683, 1], [799, 2]]]
["receipts-1/1494464899-fa3ddaebe2ed4f24b089b9ea49caadff-59ee603d-My9UPI.receipt", [[541, 0], [774, 0], [1038, 0], [1084, 0], [1145, 0], [1253, 0], [1301, 0], [1427, 0], [1440, 0], [1454, 0], [2472, 0], [2705, 0], [3015, 0], [3184, 0], [3232, 0], [3358, 0], [3371, 0], [3385, 0], [2969, 1], [3076, 2]]]
["receipts-1/1494465145-234c47f918d14dceb3b3a27758ba97f1-4538e4e2-2i61Jh.receipt", [[379, 0], [739, 0], [907, 0], [1076, 0], [1200, 0], [1216, 0], [1229, 0], [694, 1], [799, 2]]]
["receipts-1/1494465222-2d35e327ccbc404b999e800c55ca6700-b6172aac-rlNdoo.receipt", [[376, 0], [663, 0], [947, 0], [1233, 0], [1519, 0], [1806, 0], [2090, 0], [2376, 0], [2663, 0], [2799, 0], [3007, 0], [3404, 0], [3755, 0], [4068, 0], [4328, 0], [4470, 0], [4595, 0], [4610, 0], [4624, 0], [4022, 1], [4128, 2]]]
["receipts-1/1494465265-b13f7f07fa0e410b859a0f6810508743-c2fd8b8e-6xDa_O.receipt", [[404, 0], [686, 0], [968, 0], [1250, 0], [1532, 0], [1815, 0], [2174, 0], [2342, 0], [2511, 0], [2636, 0], [2650, 0], [2664, 0], [2128, 1], [2234, 2]]]
["receipts-1/1494465273-14de7f2d86c445e0a84c16f400ed84e2-e8251a1-9o1VKF.receipt", [[380, 0], [664, 0], [1027, 0], [1195, 0], [1364, 0], [1489, 0], [1503, 0], [1517, 0], [981, 1], [1087, 2]]]
["receipts-1/1494465462-039cea3e6228445aad9d25f720d37bd8-5a0e4204-67Ooor.receipt", [[555, 0], [770, 0], [985, 0], [1028, 0], [1372, 0], [1534, 0], [1328, 1], [1442, 2]]]
["receipts-1/1494465471-fa3ddaebe2ed4f24b089b9ea49caadff-b2cbe6ba-WjCQcP.receipt", [[405, 0], [687, 0], [968, 0], [1251, 0], [1613, 0], [1781, 0], [1923, 0], [2047, 0], [2062, 0], [2076, 0], [1567, 1], [1673, 2]]]
["receipts-1/1494465499-6802553453cb4906959b27ff70a31b9e-71b238b0-0hSPcx.receipt", [[555, 0], [770, 0], [1028, 0], [1113, 0], [1243, 0], [1406, 0], [1200, 1], [1314, 2]]]
["receipts-1/1494465625-2917eb7fc3ed472682085f31c03010c8-913d7c0d-JFPnwo.receipt", [[440, 0], [587, 0], [782, 0], [817, 0], [538, 1], [685, 2]]]
["receipts-1/1494465807-a0178ebd42514a7a9cfe8c6509f51ec2-c7b0832b-w8HinJ.receipt", [[368, 0], [410, 0], [496, 0], [453, 1], [563, 2]]]
["receipts-1/1494465857-fa1af1881c054eb399035f723162c7e3-ecf044bc-WbVVAP.receipt", [[486, 0], [535, 0], [584, 0], [633, 0], [682, 0], [730, 0], [779, 0], [829, 0], [878, 0], [927, 0], [976, 0], [1123, 0], [1318, 0], [1825, 0], [2151, 0], [1073, 1], [1220, 2]]]
["receipts-1/1494465893-033572a51f7c465aa6718278070cd368-e0fcc284-RgeOZS.receipt", [[606, 0], [735, 0], [898, 0], [969, 0], [692, 1], [806, 2]]]
["receipts-1/1494465894-728fdd033649488aa12c8f1abca73099-e77077a9-xq3E9f.receipt", [[405, 0], [686, 0], [1048, 0], [1216, 0], [1385, 0], [1509, 0], [1524, 0], [1538, 0], [1002, 1], [1108, 2]]]
["receipts-1/1494465897-753e802b81c94a86b15b836726488e03-2cf6bec1-401BDY.receipt", [[400, 0], [682, 0], [965, 0], [1324, 0], [1492, 0], [1634, 0], [1759, 0], [1773, 0], [1787, 0], [1278, 1], [1384, 2]]]
["receipts-1/1494465904-ecd7c82ceeb246e68462bd36a67b6405-12c5daee-Pcfz8H.receipt", [[563, 0], [649, 0], [735, 0], [1036, 0], [1165, 0], [1327, 0], [1399, 0], [1121, 1], [1235, 2]]]
["receipts-1/1494466089-6b64425e8ca84815a48cba63db1e7555-17a2de3d-a4yiJf.receipt", [[606, 0], [649, 0], [735, 0], [864, 0], [1026, 0], [820, 1], [934, 2]]]
["receipts-1/1494466129-c037d895371a46dd9c5e49a249dc1457-74a0ae0b-eM_l1K.receipt", [[379, 0], [664, 0], [949, 0], [1234, 0], [1519, 0], [1804, 0], [2163, 0], [2331, 0], [2379, 0], [2425, 0], [2548, 0], [2563, 0], [2577, 0], [2117, 1], [2223, 2]]]
["receipts-1/1494466141-28a3f4e5fcb14818aea8083551b3b466-f06db721-pucet-.receipt", [[370, 0], [412, 0], [454, 0], [520, 0], [588, 0], [715, 0], [757, 0], [672, 1], [839, 2]]]
["receipts-1/1494466250-3f4e477785d34c5dbdab907176b82cef-f69ae3c3-aOaVLt.receipt", [[457, 0], [559, 0], [699, 0], [782, 0], [517, 1], [648, 2]]]
["receipts-1/1494466281-61b849f2a5a54d3f9c3c3286bfcf4eab-562933a7-Nx0Qv1.receipt", [[520, 0], [667, 0], [863, 0], [897, 0], [618, 1], [765, 2]]]
["receipts-1/1494466292-5d923c7ff0e94a3aadd4acf3269e6d55-afc00dd3-VJyZlC.receipt", [[399, 0], [758, 0], [926, 0], [1068, 0], [1193, 0], [1208, 0], [1221, 0], [713, 1], [818, 2]]]
["receipts-1/1494466525-51d55f9806364863bfbd6523419f1390-1f2d6721-oHpi6q.receipt", [[437, 0], [738, 0], [900, 0], [972, 0], [695, 1], [809, 2]]]
["receipts-1/1494466542-64529de98c1541bb9d062cce5350db54-100af82c-6NsEsA.receipt", [[357, 0], [504, 0], [685, 0], [913, 0], [962, 0], [1011, 0], [455, 1], [602, 2]]]
["receipts-1/1494466761-d8bfe18c87114ba0bcf4e42cd7657f80-5ac96924-O99sMI.receipt", [[347, 0], [633, 0], [919, 0], [1205, 0], [1492, 0], [1777, 0], [2062, 0], [2421, 0], [2589, 0], [2731, 0], [2856, 0], [2871, 0], [2885, 0], [2375, 1], [2481, 2]]]
["receipts-1/1494466809-234c47f918d14dceb3b3a27758ba97f1-730630bd-YI2_Qz.receipt", [[379, 0], [661, 0], [1021, 0], [1189, 0], [1237, 0], [1282, 0], [1405, 0], [1421, 0], [1434, 0], [976, 1], [1081, 2]]]
["receipts-1/1494467124-d012aad53c554fe88c479021ce67bccc-6d0c4fd0-QuAiQq.receipt", [[366, 0], [1370, 0], [322, 1], [460, 2]]]
["receipts-1/1494467310-b1615127d40c49a1a7603dc7cc4b0fd0-d01ec40a-kXMXk9.receipt", [[471, 0], [521, 0], [570, 0], [897, 0], [716, 1], [814, 2]]]
["receipts-1/1494467383-9c53f8c104dd4ec58ffa48cb7169eb47-cd3106e5-MHq99A.receipt", [[602, 0], [903, 0], [1066, 0], [860, 1], [974, 2]]]
["receipts-1/1494467427-60ce25b64c8445e99ea14c34c6136ef7-57d0dbc8-Gk0-7R.receipt", [[405, 0], [686, 0], [967, 0], [1248, 0], [1528, 0], [1810, 0], [2092, 0], [2374, 0], [2657, 0], [2938, 0], [3219, 0], [3578, 0], [3746, 0], [3888, 0], [4014, 0], [4027, 0], [4042, 0], [3531, 1], [3638, 2]]]
["receipts-1/1494467443-19a9111d7bdb4c61b753ecd1c015dd63-3be588c5-69kdOe.receipt", [[530, 0], [572, 0], [613, 0], [658, 0], [784, 0], [867, 0], [910, 0], [1049, 0], [1142, 0], [700, 1], [741, 1], [998, 2]]]
["receipts-1/1494467553-0511a89b466d43019490189fd061609e-191626a2-g2pP2S.receipt", [[392, 0], [479, 0], [618, 0], [751, 0], [436, 1], [567, 2]]]
["receipts-1/1494467603-8187d00c412847f9a686088deb19dec1-2f18f8da-WaTsgs.receipt", [[413, 0], [698, 0], [982, 0], [1268, 0], [1555, 0], [1839, 0], [2125, 0], [2412, 0], [2696, 0], [2982, 0], [3346, 0], [3515, 0], [3563, 0], [3610, 0], [3733, 0], [3747, 0], [3761, 0], [3300, 1], [3407, 2]]]
["receipts-1/1494467769-ca960d94aef540f286a30eb006c5cc36-2bdee768-ab_F_W.receipt", [[406, 0], [688, 0], [1048, 0], [1216, 0], [1385, 0], [1509, 0], [1524, 0], [1538, 0], [1002, 1], [1108, 2]]]
["receipts-1/1494467858-003ffc8741a6456faac673fb44746cc8-2446900d-vTZAnQ.receipt", [[403, 0], [684, 0], [965, 0], [1245, 0], [1528, 0], [1809, 0], [2090, 0], [2371, 0], [2652, 0], [2932, 0], [3331, 0], [3563, 0], [3876, 0], [4044, 0], [4213, 0], [4338, 0], [4352, 0], [4366, 0], [3830, 1], [3936, 2]]]
["receipts-1/1494467890-a4b1da13e12349bf919cb35facc45335-a73b02b3-XsoRJg.receipt", [[398, 0], [441, 0], [483, 0], [525, 0], [611, 0], [653, 0], [568, 1], [735, 2]]]
["receipts-1/1494467906-79450218764b46078eb9e6960bbfd332-fe992db6-SWBQ8K.receipt", [[537, 0], [900, 0], [946, 0], [1007, 0], [1115, 0], [1259, 0], [1386, 0], [1398, 0], [1412, 0], [2509, 0], [2918, 0], [3087, 0], [3231, 0], [3358, 0], [3370, 0], [3384, 0], [2872, 1], [2979, 2]]]
["receipts-1/1494468046-0501d41ec822434e93c6bd69914b35b4-6408a99b-UkhLxw.receipt", [[391, 0], [432, 0], [488, 0], [530, 0], [585, 0], [656, 0], [770, 0], [896, 0], [978, 0], [727, 1], [853, 2]]]
["receipts-1/1494468049-e72608fb4b2b458caea9eda38c24dcb1-1a720a76-C_H9D7.receipt", [[400, 0], [449, 0], [498, 0], [547, 0], [596, 0], [645, 0], [792, 0], [987, 0], [1494, 0], [1722, 0], [1771, 0], [1820, 0], [742, 1], [889, 2]]]
["receipts-1/1494468160-99dd88bf5bd24d038790c5475dafb4e3-4df7bea3-zuNUt4.receipt", [[438, 0], [487, 0], [535, 0], [585, 0], [634, 0], [793, 0], [973, 0], [743, 1], [890, 2]]]
["receipts-1/1494468192-6b64425e8ca84815a48cba63db1e7555-52c3f67e-eJdetf.receipt", [[606, 0], [692, 0], [864, 0], [1026, 0], [1098, 0], [821, 1], [935, 2]]]
["receipts-1/1494468196-2cccdd84366c498a866a75d0a2d9416e-226d46a8-PsmaaZ.receipt", [[417, 0], [489, 0], [561, 0], [633, 0], [705, 0], [842, 0], [970, 0], [1053, 0], [799, 1], [921, 2]]]
["receipts-1/1494468332-9c0c285c25454ff3aa482d6772f17cf3-226185bf-1Z2YWO.receipt", [[402, 0], [685, 0], [1082, 0], [1394, 0], [1562, 0], [1610, 0], [1734, 0], [1749, 0], [1762, 0], [1349, 1], [1454, 2]]]
["receipts-1/1494468516-51bb3e9f3e8a440698b958d991fe84bb-c4232a0d-7rQ56v.receipt", [[433, 0], [475, 0], [517, 0], [559, 0], [646, 0], [602, 1], [733, 2]]]
["receipts-1/1494468571-a4b1da13e12349bf919cb35facc45335-b01d3661-aTbNyu.receipt", [[399, 0], [441, 0], [482, 0], [524, 0], [567, 0], [653, 0], [695, 0], [610, 1], [777, 2]]]
["receipts-1/1494468726-1a60754e8ab445ecaddd5e79eaaa4931-2db4dd83-VkYdcO.receipt", [[428, 0], [478, 0], [625, 0], [820, 0], [904, 0], [575, 1], [722, 2]]]
["receipts-1/1494468833-e9c1236d4da9493596d051ce5b5642b8-8a0a4548-OVLZtY.receipt", [[154, 0], [160, 0], [525, 0], [574, 0], [623, 0], [812, 0], [1007, 0], [1057, 0], [1099, 0], [1134, 0], [720, 1], [909, 2]]]
["receipts-1/1494468911-6eeda8bcbaf449a5bd3adb10171accc4-6dc70467-lWMafe.receipt", [[390, 0], [409, 0], [531, 0], [651, 0], [732, 0], [773, 0], [490, 1], [611, 2]]]
["receipts-1/1494469136-1e5448b4a02d4cde87207609167c130e-4bd0a9a3-vpG49G.receipt", [[400, 0], [681, 0], [961, 0], [1243, 0], [1526, 0], [1807, 0], [2166, 0], [2333, 0], [2475, 0], [2600, 0], [2614, 0], [2628, 0], [2120, 1], [2225, 2]]]
["receipts-1/1494469154-f3df3069de784921ac364e6bf8816950-3fc40b97-irvgi_.receipt", [[598, 0], [641, 0], [684, 0], [856, 0], [1019, 0], [813, 1], [927, 2]]]
["receipts-1/1494469191-55ed03a2736347a696314103ae520b7f-d0abb788-abhhZo.receipt", [[401, 0], [682, 0], [963, 0], [1244, 0], [1524, 0], [1807, 0], [2166, 0], [2334, 0], [2382, 0], [2428, 0], [2552, 0], [2566, 0], [2580, 0], [2120, 1], [2226, 2]]]
["receipts-1/1494469368-a3600d106e254a9c97950550eba6bc9f-418c2b46-RMAajs.receipt", [[402, 0], [688, 0], [975, 0], [1334, 0], [1502, 0], [1644, 0], [1768, 0], [1783, 0], [1797, 0], [1288, 1], [1394, 2]]]
["receipts-1/1494470707-55ed03a2736347a696314103ae520b7f-9426b87a-48A3cb.receipt", [[400, 0], [683, 0], [964, 0], [1245, 0], [1526, 0], [1885, 0], [2053, 0], [2222, 0], [2347, 0], [2361, 0], [2375, 0], [1839, 1], [1945, 2]]]
["receipts-1/1494471257-722b82246a5f489fbe936f09d6eeccad-bc033b31-xAe4vI.receipt", [[391, 0], [484, 0], [526, 0], [665, 0], [749, 0], [441, 1], [614, 2]]]
["receipts-1/1494471731-fa3ddaebe2ed4f24b089b9ea49caadff-37bab1c7-lrOYmX.receipt", [[405, 0], [765, 0], [933, 0], [1102, 0], [1226, 0], [1242, 0], [1255, 0], [720, 1], [825, 2]]]
["receipts-1/1494471937-1a60754e8ab445ecaddd5e79eaaa4931-564979-HqxdKh.receipt", [[428, 0], [527, 0], [674, 0], [869, 0], [953, 0], [624, 1], [771, 2]]]
["receipts-1/1494472241-18908979e909417f8f06eadef86e1a3a-fc389179-l9gelC.receipt", [[522, 0], [571, 0], [620, 0], [669, 0], [816, 0], [997, 0], [767, 1], [914, 2]]]
["receipts-1/1494472415-b89bcd45b2f6491281377fed36c251fe-460c6e41-SESw0h.receipt", [[559, 0], [688, 0], [774, 0], [946, 0], [1109, 0], [903, 1], [1017, 2]]]
["receipts-1/1494472541-4023d0ca40b7417995641ecc2e355866-92cdb6ff-WZ9vJ3.receipt", [[559, 0], [688, 0], [851, 0], [645, 1], [759, 2]]]
["receipts-1/1494474215-61b849f2a5a54d3f9c3c3286bfcf4eab-9b9fb32f-ncvYx9.receipt", [[602, 0], [662, 0], [810, 0], [1005, 0], [1512, 0], [760, 1], [907, 2]]]
["receipts-1/1494475196-bd651ddd0a764a029dabceb6103c6d00-a520acd-mXNSOK.receipt", [[439, 0], [489, 0], [636, 0], [832, 0], [880, 0], [1387, 0], [586, 1], [733, 2]]]
["receipts-1/1494476957-bd651ddd0a764a029dabceb6103c6d00-628f3d33-4sh4Kd.receipt", [[397, 0], [494, 0], [774, 0], [593, 1], [691, 2]]]
["receipts-1/1494477760-9b861aa6ad994705b5a21287886f39bc-6eb55902-8nouq7.receipt", [[348, 0], [434, 0], [563, 0], [725, 0], [955, 0], [519, 1], [633, 2]]]
["receipts-1/1494477974-a9aa3ea2b0fd489298542df0d55fe003-fea1fddc-3ma58f.receipt", [[401, 0], [498, 0], [695, 0], [597, 1], [778, 2]]]
["receipts-1/1494482446-32e55548b908400aa0f99cef3c7f6858-bae2115a-TtGyG2.receipt", [[384, 0], [434, 0], [476, 0], [604, 0], [730, 0], [812, 0], [857, 0], [942, 0], [561, 1], [520, 1], [687, 2]]]
["receipts-1/1494506266-b52323869eb744ad884ba7282ce5a1b9-8321b678--kLmUX.receipt", [[602, 0], [645, 0], [774, 0], [946, 0], [1109, 0], [903, 1], [1017, 2]]]
["receipts-1/1494507291-dfea93ad13e94f65a185c185e509f0a7-57815d4c-3_A4An.receipt", [[598, 0], [770, 0], [899, 0], [1062, 0], [856, 1], [970, 2]]]
["receipts-1/1494507716-57a8114f3275470aad15bc490381aefb-43d7995c-5wRBHf.receipt", [[563, 0], [606, 0], [735, 0], [898, 0], [969, 0], [692, 1], [806, 2]]]
["receipts-1/1494507758-6ffb64e5565b4a5c803cd1eba708926e-1125a608-NLUZAn.receipt", [[606, 0], [692, 0], [735, 0], [907, 0], [1070, 0], [864, 1], [978, 2]]]
["receipts-1/1494508369-add0726a09b747ef852632e7dde93512-94826e8c-eaeSE0.receipt", [[420, 0], [506, 0], [645, 0], [728, 0], [464, 1], [595, 2]]]
["receipts-1/1494509017-b89bcd45b2f6491281377fed36c251fe-d5ca3912-Fu9y8g.receipt", [[606, 0], [649, 0], [778, 0], [941, 0], [1012, 0], [735, 1], [849, 2]]]
["receipts-1/1494509352-2955ce57e69648c185a4b7189b5a0ed6-9a2f5609-vXH6Oe.receipt", [[602, 0], [645, 0], [774, 0], [937, 0], [731, 1], [845, 2]]]
["receipts-1/1494510455-5cc1068a2a464be59401454a01a3991b-c72d2ba-cnz0jg.receipt", [[606, 0], [649, 0], [778, 0], [941, 0], [735, 1], [849, 2]]]
["receipts-1/1494510717-037bb901775a4f8db83366748a9b0fff-7b1aeac9-oaYFI-.receipt", [[606, 0], [692, 0], [778, 0], [864, 0], [993, 0], [1155, 0], [1227, 0], [950, 1], [1064, 2]]]
["receipts-1/1494510800-fdd890a84b834b66b625c76259bdfa39-dbb750e4-zW5tVg.receipt", [[559, 0], [602, 0], [774, 0], [937, 0], [731, 1], [845, 2]]]
["receipts-1/1494511012-215fd1adf81442bbb753bbc051758dda-2ce28de9-i1olFp.receipt", [[559, 0], [817, 0], [980, 0], [774, 1], [888, 2]]]
["receipts-1/1494511152-6ffb64e5565b4a5c803cd1eba708926e-f98da21b-Q7S5Hn.receipt", [[606, 0], [649, 0], [692, 0], [907, 0], [1069, 0], [1141, 0], [864, 1], [978, 2]]]
["receipts-1/1494513052-add0726a09b747ef852632e7dde93512-a162ca9d-ORZVRA.receipt", [[420, 0], [506, 0], [646, 0], [730, 0], [464, 1], [595, 2]]]
["receipts-1/1494513087-1024df1193194d8aa0f02a8cce512530-35080cce-SZ8qUe.receipt", [[606, 0], [735, 0], [898, 0], [692, 1], [806, 2]]]
["receipts-1/1494513165-44938ec7f1184f7892152f5c2c3f1eb2-6636dba8-sNWzul.receipt", [[598, 0], [856, 0], [1019, 0], [813, 1], [927, 2]]]
["receipts-1/1494513266-4450aba76670472181264a0b271a39fe-eeea5eb3-qGGsrO.receipt", [[606, 0], [864, 0], [1026, 0], [1098, 0], [821, 1], [935, 2]]]
["receipts-1/1494514353-570438d7596e4e7dbcc34c6cea6ab876-5149d58-ea5gs6.receipt", [[606, 0], [735, 0], [898, 0], [969, 0], [692, 1], [806, 2]]]
["receipts-1/1494514636-1338ac6afb1e4ed1ac8a6645c395f4d9-9c4e9a06-IuNHfG.receipt", [[563, 0], [606, 0], [735, 0], [897, 0], [969, 0], [692, 1], [806, 2]]]
["receipts-1/1494515140-140dcc675f0b4e58b42861b56121a2fb-4b8353e3-tRO_ps.receipt", [[606, 0], [1079, 0], [1242, 0], [1313, 0], [1036, 1], [1150, 2]]]
["receipts-1/1494515145-570438d7596e4e7dbcc34c6cea6ab876-4b5eab52-L_m6R_.receipt", [[606, 0], [778, 0], [941, 0], [1012, 0], [735, 1], [849, 2]]]
["receipts-1/1494515665-b52323869eb744ad884ba7282ce5a1b9-15072397-dzvgz3.receipt", [[602, 0], [860, 0], [1023, 0], [817, 1], [931, 2]]]
["receipts-1/1494515692-6ffb64e5565b4a5c803cd1eba708926e-b724b69b-G2Lm6C.receipt", [[606, 0], [649, 0], [778, 0], [940, 0], [1012, 0], [735, 1], [849, 2]]]
["receipts-1/1494516759-8ec094104e694ff99afa8f4b32224137-738397cd-ADX7k7.receipt", [[228, 0], [235, 0], [260, 0], [267, 0], [294, 0], [300, 0], [347, 0], [403, 0], [324, 1], [382, 2]]]
["receipts-1/1494517010-141ba14fcdaf4a89a2dc9726ad3bf0fe-175ab155-DB9_NM.receipt", [[602, 0], [645, 0], [688, 0], [817, 0], [980, 0], [774, 1], [888, 2]]]
["receipts-1/1494517434-570438d7596e4e7dbcc34c6cea6ab876-b5ab3833-TWIrKD.receipt", [[606, 0], [735, 0], [898, 0], [969, 0], [692, 1], [806, 2]]]
["receipts-1/1494518644-cd959760dc9e415a85578056766835f5-aa69ba19-2RsQui.receipt", [[540, 0], [805, 0], [851, 0], [911, 0], [1019, 0], [1190, 0], [1317, 0], [1329, 0], [1343, 0], [2955, 0], [3266, 0], [3434, 0], [3605, 0], [3732, 0], [3744, 0], [3758, 0], [3220, 1], [3326, 2]]]
["receipts-1/1494518649-ba992b143a474b9b94ec748e7c011cdf-25c8405b-fLyxuz.receipt", [[598, 0], [640, 0], [684, 0], [726, 0], [813, 1], [884, 2]]]
["receipts-1/1494518834-dfea93ad13e94f65a185c185e509f0a7-eb3ca48f-VBTZ-5.receipt", [[602, 0], [688, 0], [946, 0], [1017, 0], [903, 1], [1109, 2]]]
["receipts-1/1494519129-6ffb64e5565b4a5c803cd1eba708926e-f7d82625-GrFj5H.receipt", [[606, 0], [649, 0], [778, 0], [941, 0], [1012, 0], [735, 1], [849, 2]]]
["receipts-1/1494519868-cd959760dc9e415a85578056766835f5-c4056195-Laa0DP.receipt", [[404, 0], [687, 0], [1046, 0], [1214, 0], [1262, 0], [1308, 0], [1432, 0], [1446, 0], [1460, 0], [1000, 1], [1106, 2]]]
["receipts-1/1494520508-b9f285f0c8514753b2e399d4f1ef20b8-793b18a8-6iqmt2.receipt", [[404, 0], [735, 0], [1066, 0], [1397, 0], [1728, 0], [2087, 0], [2254, 0], [2302, 0], [2348, 0], [2471, 0], [2487, 0], [2500, 0], [2042, 1], [2147, 2]]]
["receipts-1/1494520615-12780683803e4741b201708c0d154eb4-a5d8b177-3Wghbi.receipt", [[606, 0], [649, 0], [821, 0], [984, 0], [778, 1], [892, 2]]]
["receipts-1/1494520899-7a84594a13fa434cae9c1a63964477bb-5b0ebd39-n_aiKg.receipt", [[563, 0], [692, 0], [821, 0], [984, 0], [1055, 0], [778, 1], [892, 2]]]
["receipts-1/1494520961-c037d895371a46dd9c5e49a249dc1457-2fcb2bd7-ATK1Yf.receipt", [[379, 0], [664, 0], [948, 0], [1235, 0], [1594, 0], [1761, 0], [1930, 0], [2054, 0], [2069, 0], [2083, 0], [1548, 1], [1653, 2]]]
["receipts-1/1494521278-5b9047d0e77a4c6eb8046504e47c824c-f2a14487--IPhgW.receipt", [[602, 0], [645, 0], [774, 0], [937, 0], [731, 1], [845, 2]]]
["receipts-1/1494521725-b807afa55010447bbbf389e23ff48141-38656bf3-vPFQwO.receipt", [[598, 0], [683, 0], [813, 1], [884, 2]]]
["receipts-1/1494522314-d8bfe18c87114ba0bcf4e42cd7657f80-e24c0b6e-18pLWz.receipt", [[347, 0], [632, 0], [917, 0], [1202, 0], [1487, 0], [1772, 0], [2056, 0], [2342, 0], [2629, 0], [2914, 0], [3199, 0], [3558, 0], [3726, 0], [3895, 0], [4019, 0], [4034, 0], [4048, 0], [3512, 1], [3618, 2]]]
["receipts-1/1494522449-5b9047d0e77a4c6eb8046504e47c824c-774e3c57--qx6Ys.receipt", [[555, 0], [641, 0], [727, 0], [899, 0], [1062, 0], [856, 1], [970, 2]]]
["receipts-1/1494522700-92394bd1ce134d5b93acfb52a0997a41-a8d3f855-hxiQpN.receipt", [[399, 0], [682, 0], [962, 0], [1244, 0], [1527, 0], [1663, 0], [1945, 0], [2205, 0], [2253, 0], [2299, 0], [2423, 0], [2437, 0], [2451, 0], [1899, 1], [2005, 2]]]
["receipts-1/1494522797-753e802b81c94a86b15b836726488e03-e26f0a48-7nWwtC.receipt", [[400, 0], [761, 0], [929, 0], [1098, 0], [1223, 0], [1237, 0], [1251, 0], [715, 1], [821, 2]]]
["receipts-1/1494523094-8db0088b9bf3484688b1c4c1fa1aaadd-35427d34-RX_lZM.receipt", [[403, 0], [687, 0], [969, 0], [1329, 0], [1497, 0], [1666, 0], [1790, 0], [1805, 0], [1819, 0], [1283, 1], [1389, 2]]]
["receipts-1/1494523339-6ffb64e5565b4a5c803cd1eba708926e-3f4a3eef-qJAGy4.receipt", [[602, 0], [688, 0], [774, 0], [903, 0], [1065, 0], [859, 1], [973, 2]]]
["receipts-1/1494523726-5606e5d122de45a68706331aed4c1e3b-650ecff6-nbqp_V.receipt", [[598, 0], [684, 0], [727, 0], [813, 0], [856, 0], [1028, 0], [1190, 0], [984, 1], [1098, 2]]]
["receipts-1/1494523787-5cc1068a2a464be59401454a01a3991b-ad443800-SLoYW0.receipt", [[606, 0], [993, 0], [1156, 0], [950, 1], [1064, 2]]]
["receipts-1/1494523809-c3f545dad49742199b460e3a612f0278-ef1d81ff-_uCNDT.receipt", [[378, 0], [663, 0], [1063, 0], [1375, 0], [1543, 0], [1591, 0], [1637, 0], [1761, 0], [1775, 0], [1789, 0], [1329, 1], [1435, 2]]]
["receipts-1/1494523986-3f9057b3c0b2400db3d2f85da7655aba-93a2c593-qsSyHE.receipt", [[598, 0], [641, 0], [684, 0], [769, 0], [899, 1], [970, 2]]]
["receipts-1/1494524040-55ed03a2736347a696314103ae520b7f-38814d24-Cxvzos.receipt", [[400, 0], [683, 0], [1042, 0], [1210, 0], [1379, 0], [1504, 0], [1518, 0], [1532, 0], [996, 1], [1102, 2]]]
["receipts-1/1494524236-761b02b909eb48d3860cc682b6ef608b-77efb683-ZV9VhK.receipt", [[396, 0], [445, 0], [494, 0], [543, 0], [732, 0], [817, 0], [1012, 0], [1062, 0], [1104, 0], [1350, 0], [640, 1], [914, 2]]]
["receipts-1/1494524386-753e802b81c94a86b15b836726488e03-93386d68-BDqhZY.receipt", [[400, 0], [683, 0], [963, 0], [1246, 0], [1527, 0], [1807, 0], [2090, 0], [2371, 0], [2652, 0], [2933, 0], [3214, 0], [3494, 0], [3777, 0], [4136, 0], [4304, 0], [4473, 0], [4599, 0], [4612, 0], [4627, 0], [4089, 1], [4196, 2]]]
["receipts-1/1494524618-becac0d34b0b437c8e501b1eebbffce1-a6167901-aRHG9j.receipt", [[606, 0], [692, 0], [735, 0], [778, 0], [950, 0], [1112, 0], [1184, 0], [906, 1], [1020, 2]]]
["receipts-1/1494524638-8db0088b9bf3484688b1c4c1fa1aaadd-29ebd30f-2qvgdk.receipt", [[541, 0], [806, 0], [852, 0], [913, 0], [1021, 0], [1069, 0], [1196, 0], [1208, 0], [1222, 0], [2240, 0], [2551, 0], [2720, 0], [2768, 0], [2895, 0], [2907, 0], [2921, 0], [2505, 1], [2612, 2]]]
["receipts-1/1494525026-79775fdf77b94321a20ecd670e7b6940-4d3b6c92-GKvtsR.receipt", [[376, 0], [659, 0], [942, 0], [1226, 0], [1508, 0], [1789, 0], [2151, 0], [2319, 0], [2367, 0], [2491, 0], [2506, 0], [2520, 0], [2105, 1], [2211, 2]]]
["receipts-1/1494525060-6b64425e8ca84815a48cba63db1e7555-7820ee67-K4M-lq.receipt", [[602, 0], [645, 0], [817, 0], [980, 0], [774, 1], [888, 2]]]
["receipts-1/1494525302-18aef84fc9da418e9a3f968621db7d72-79ace795-fUMehZ.receipt", [[395, 0], [437, 0], [565, 0], [607, 0], [746, 0], [831, 0], [481, 1], [522, 1], [695, 2]]]
["receipts-1/1494525333-4fa1b1b5b0924d5f9511f4af7cbcebc9-ed1962f5-H3Si3k.receipt", [[430, 0], [711, 0], [992, 0], [1273, 0], [1669, 0], [2017, 0], [2250, 0], [2514, 0], [2560, 0], [2621, 0], [2729, 0], [2900, 0], [3027, 0], [3039, 0], [3053, 0], [3071, 0], [3085, 0], [3099, 0], [4599, 0], [4880, 0], [5161, 0], [5442, 0], [5838, 0], [6186, 0], [6419, 0], [6729, 0], [6898, 0], [7069, 0], [7196, 0], [7208, 0], [7222, 0], [7240, 0], [7254, 0], [7268, 0], [6683, 1], [6790, 2]]]
["receipts-1/1494525384-c2c1ff3b090b4462824a8129e9623451-e13f88f6-y7W_4w.receipt", [[415, 0], [700, 0], [1063, 0], [1231, 0], [1400, 0], [1524, 0], [1539, 0], [1553, 0], [1017, 1], [1123, 2]]]
["receipts-1/1494525474-6336bff8753b498386f50f64f57d0410-f128cb3-2KqfvZ.receipt", [[511, 0], [555, 0], [598, 0], [641, 0], [770, 0], [932, 0], [1004, 0], [726, 1], [840, 2]]]
["receipts-1/1494525543-c1380912120f45ee85c2c1f6ad77d2f7-ece8330-orKrPF.receipt", [[404, 0], [763, 0], [930, 0], [978, 0], [1023, 0], [1148, 0], [1163, 0], [1176, 0], [718, 1], [823, 2]]]
["receipts-1/1494525634-f583676fd6864c7987643f91edbac805-29d964f7-5F_lKy.receipt", [[401, 0], [803, 0], [1034, 0], [1266, 0], [1499, 0], [1731, 0], [1995, 0], [2041, 0], [2102, 0], [2210, 0], [2258, 0], [2385, 0], [2397, 0], [2411, 0], [2429, 0], [2443, 0], [2457, 0], [3333, 0], [3735, 0], [3966, 0], [4198, 0], [4431, 0], [4663, 0], [4973, 0], [5142, 0], [5190, 0], [5317, 0], [5329, 0], [5343, 0], [5361, 0], [5375, 0], [5389, 0], [4927, 1], [5034, 2]]]
["receipts-1/1494525735-12780683803e4741b201708c0d154eb4-3cb31c05-ZgSyDM.receipt", [[602, 0], [731, 0], [894, 0], [688, 1], [802, 2]]]
["receipts-1/1494526002-fa3ddaebe2ed4f24b089b9ea49caadff-642bb92b-BUXoni.receipt", [[405, 0], [687, 0], [969, 0], [1251, 0], [1611, 0], [1779, 0], [1825, 0], [1993, 0], [2117, 0], [2132, 0], [2146, 0], [1565, 1], [1671, 2]]]
["receipts-1/1494526124-761b02b909eb48d3860cc682b6ef608b-77879c20-E_zZbs.receipt", [[396, 0], [445, 0], [634, 0], [719, 0], [914, 0], [1372, 0], [542, 1], [816, 2]]]
["receipts-1/1494526183-ae21a8f8000248139769b03a935a2233-53f2bd2a-GoWW4d.receipt", [[598, 0], [856, 0], [899, 0], [984, 0], [1114, 0], [1276, 0], [1071, 1], [1184, 2]]]
["receipts-1/1494526199-5cd373ff8251421cbe89ab78d4918d6d-d3b68f9c-sN3aE6.receipt", [[358, 0], [400, 0], [486, 0], [614, 0], [698, 0], [444, 1], [569, 2]]]
["receipts-1/1494526211-18aef84fc9da418e9a3f968621db7d72-a2c8ab71-CzCYXy.receipt", [[395, 0], [562, 0], [604, 0], [744, 0], [868, 0], [520, 1], [478, 1], [693, 2]]]
["receipts-1/1494526353-a390b7d7f1ac4b59bf4a865de7c46789-606f4c65-rElpTY.receipt", [[378, 0], [659, 0], [940, 0], [1220, 0], [1502, 0], [1863, 0], [2031, 0], [2200, 0], [2325, 0], [2339, 0], [2353, 0], [1817, 1], [1923, 2]]]
["receipts-1/1494526358-1024df1193194d8aa0f02a8cce512530-5208352b-mZRA9N.receipt", [[606, 0], [649, 0], [692, 0], [821, 0], [984, 0], [778, 1], [892, 2]]]
["receipts-1/1494526400-4fa1b1b5b0924d5f9511f4af7cbcebc9-24961763-06c_4K.receipt", [[407, 0], [687, 0], [970, 0], [1329, 0], [1497, 0], [1666, 0], [1791, 0], [1805, 0], [1819, 0], [1283, 1], [1389, 2]]]
["receipts-1/1494526476-57a8114f3275470aad15bc490381aefb-b2fd4417-1gLUM4.receipt", [[598, 0], [727, 0], [890, 0], [684, 1], [798, 2]]]
["receipts-1/1494526712-22d5b0ee83484cf384751e122a7b6fab-275f36f8-MX0ACU.receipt", [[437, 0], [738, 0], [901, 0], [695, 1], [809, 2]]]
["receipts-1/1494526742-f3df3069de784921ac364e6bf8816950-32a29e20-u4M1_6.receipt", [[598, 0], [727, 0], [856, 0], [1019, 0], [813, 1], [927, 2]]]
["receipts-1/1494526772-bca81524e3d441ada5dd2d08063ef5d3-60bcf943-lZeDo8.receipt", [[559, 0], [688, 0], [774, 0], [817, 0], [903, 0], [989, 0], [1073, 0], [1204, 0], [1367, 0], [1161, 1], [1275, 2]]]
["receipts-1/1494526949-753e802b81c94a86b15b836726488e03-2737680f-Bxud0G.receipt", [[400, 0], [761, 0], [929, 0], [977, 0], [1023, 0], [1147, 0], [1161, 0], [1175, 0], [715, 1], [821, 2]]]
["receipts-1/1494527024-cc3d64e61f52482c914d59e6f0d14960-a6a146c1-xUB1kh.receipt", [[403, 0], [686, 0], [967, 0], [1248, 0], [1607, 0], [1775, 0], [1944, 0], [2069, 0], [2083, 0], [2097, 0], [1561, 1], [1667, 2]]]
["receipts-1/1494527050-a86b47c7bd6c49c7be271f81b86d7549-6168bece-lCF9g7.receipt", [[392, 0], [462, 0], [656, 0], [698, 0], [740, 0], [867, 0], [951, 0], [572, 1], [613, 1], [822, 2]]]
["receipts-1/1494527325-2b6678f0f676499e811286bef79e789c-9f5a9394-yo9Uwt.receipt", [[382, 0], [665, 0], [948, 0], [1231, 0], [1514, 0], [1875, 0], [2043, 0], [2185, 0], [2310, 0], [2324, 0], [2338, 0], [1829, 1], [1935, 2]]]
["receipts-1/1494527510-6ffb64e5565b4a5c803cd1eba708926e-677f84ec-s8h95r.receipt", [[606, 0], [735, 0], [897, 0], [969, 0], [692, 1], [806, 2]]]
["receipts-1/1494527529-f4981baa03b74d47a5a99c88d2a21179-e6728e3b-U0gV1y.receipt", [[407, 0], [689, 0], [971, 0], [1253, 0], [1535, 0], [1817, 0], [2099, 0], [2381, 0], [2663, 0], [2945, 0], [3227, 0], [3509, 0], [3790, 0], [4073, 0], [4356, 0], [4640, 0], [4922, 0], [5203, 0], [5564, 0], [5732, 0], [5874, 0], [5999, 0], [6013, 0], [6027, 0], [5518, 1], [5624, 2]]]
["receipts-1/1494527876-6d5fe7e846e54aca9c5c6917b433897f-7181d278-d_UlMQ.receipt", [[405, 0], [690, 0], [972, 0], [1257, 0], [1540, 0], [1823, 0], [2106, 0], [2467, 0], [2635, 0], [2777, 0], [2902, 0], [2916, 0], [2930, 0], [2421, 1], [2527, 2]]]
["receipts-1/1494528114-2f29fd6c5c764eb78f6c676fa5dc4039-b8b7a60-q-C6JX.receipt", [[378, 0], [662, 0], [947, 0], [1308, 0], [1476, 0], [1524, 0], [1570, 0], [1694, 0], [1708, 0], [1722, 0], [1262, 1], [1368, 2]]]
["receipts-1/1494528197-e5a9c3d373c24dc9a7c5b4d71dfa29c6-f4c9ccf7-FUpWZb.receipt", [[380, 0], [664, 0], [951, 0], [1235, 0], [1522, 0], [1881, 0], [2049, 0], [2191, 0], [2315, 0], [2330, 0], [2344, 0], [1835, 1], [1941, 2]]]
["receipts-1/1494528362-1024df1193194d8aa0f02a8cce512530-73701f44-AumecM.receipt", [[606, 0], [950, 0], [1113, 0], [907, 1], [1021, 2]]]
["receipts-1/1494528724-91585bfb1d954e03a0f690e0a509930a-1369d750-vLXRnY.receipt", [[563, 0], [864, 0], [950, 0], [993, 0], [1165, 0], [1327, 0], [1399, 0], [1122, 1], [1235, 2]]]
["receipts-1/1494528746-6b64425e8ca84815a48cba63db1e7555-4b57ea4-C9bxyb.receipt", [[598, 0], [727, 0], [890, 0], [684, 1], [798, 2]]]
["receipts-1/1494528835-c1380912120f45ee85c2c1f6ad77d2f7-97457657-pYR_go.receipt", [[404, 0], [684, 0], [1045, 0], [1213, 0], [1382, 0], [1507, 0], [1521, 0], [1535, 0], [999, 1], [1105, 2]]]
["receipts-1/1494529159-5a0c230bbfe2465d8cbd8920ef0c147a-7e5d3a7-UCOooP.receipt", [[310, 0], [322, 0], [364, 0], [423, 0], [340, 1], [401, 2]]]
["receipts-1/1494529192-0db15c90c79d41d7ac3cc20e8ced8c50-552f5910-fRI35V.receipt", [[404, 0], [689, 0], [1053, 0], [1221, 0], [1269, 0], [1314, 0], [1439, 0], [1453, 0], [1467, 0], [1007, 1], [1113, 2]]]
["receipts-1/1494529201-9b211a03aec441c9ba889456ada7be82-4d2325eb-bbrukY.receipt", [[598, 0], [641, 0], [727, 1], [798, 2]]]
["receipts-1/1494529451-f4981baa03b74d47a5a99c88d2a21179-cd54c5fc-twxbQA.receipt", [[407, 0], [767, 0], [934, 0], [982, 0], [1027, 0], [1151, 0], [1167, 0], [1180, 0], [722, 1], [827, 2]]]
["receipts-1/1494529704-61b849f2a5a54d3f9c3c3286bfcf4eab-e0d23444-dMXAP4.receipt", [[605, 0], [655, 0], [802, 0], [997, 0], [1032, 0], [752, 1], [899, 2]]]
["receipts-1/1494530065-9d916049a4df44dba7e07d9ca961efb7-affb3eae-fNKW7B.receipt", [[382, 0], [665, 0], [947, 0], [1232, 0], [1515, 0], [1797, 0], [2081, 0], [2444, 0], [2609, 0], [2778, 0], [2903, 0], [2917, 0], [2931, 0], [2398, 1], [2501, 2]]]
["receipts-1/1494530119-fb426d7db9dd498db49d530cff69e249-e5537b56-7d0_LE.receipt", [[531, 0], [579, 0], [769, 0], [812, 0], [1007, 0], [1042, 0], [677, 1], [909, 2]]]
["receipts-1/1494530702-ddbbeb5a7a6045f6b80979f6e2ee5ac3-68aee755-TyDWDG.receipt", [[396, 0], [445, 0], [494, 0], [543, 0], [592, 0], [641, 0], [689, 0], [879, 0], [964, 0], [1159, 0], [1617, 0], [787, 1], [1061, 2]]]
["receipts-1/1494530824-55018c19558b47c59210a85b9fb1f722-c9bad52b-sF7mlC.receipt", [[563, 0], [735, 0], [821, 0], [950, 0], [1112, 0], [1184, 0], [907, 1], [1021, 2]]]
["receipts-1/1494530881-c3f545dad49742199b460e3a612f0278-7f1995ee-0aYhwG.receipt", [[379, 0], [661, 0], [945, 0], [1308, 0], [1476, 0], [1645, 0], [1770, 0], [1784, 0], [1798, 0], [1262, 1], [1368, 2]]]
["receipts-1/1494530887-ba6e5164b9104bbda5e9dd7e4737b931-6dd7333-EOBO11.receipt", [[395, 0], [445, 0], [494, 0], [683, 0], [768, 0], [963, 0], [998, 0], [591, 1], [865, 2]]]
["receipts-1/1494531166-5fe1220189e14ffcb347664b8cefaf09-68a6347d-bf_Qjo.receipt", [[379, 0], [487, 0], [616, 0], [740, 0], [445, 1], [567, 2]]]
["receipts-1/1494531292-b6e18c5b33934704bc0efd971def386f-239ec9be-_T8pvD.receipt", [[417, 0], [485, 0], [639, 0], [767, 0], [851, 0], [555, 1], [597, 1], [719, 2]]]
["receipts-1/1494531618-2d35e327ccbc404b999e800c55ca6700-36ad452b-rf40fG.receipt", [[377, 0], [662, 0], [946, 0], [1232, 0], [1597, 0], [1765, 0], [1907, 0], [2031, 0], [2046, 0], [2060, 0], [1551, 1], [1657, 2]]]
["receipts-1/1494531633-6e47ced36d7e4e67aa172f78f551922e-cbfb720c-1PgtmR.receipt", [[401, 0], [687, 0], [1052, 0], [1112, 0], [1389, 0], [1513, 0], [1528, 0], [1542, 0], [1006, 1], [1220, 2]]]
["receipts-1/1494531811-02d8a600b5cd44b7865560cd5fe8cb12-981a7138-C_tq39.receipt", [[400, 0], [589, 0], [785, 0], [819, 0], [498, 1], [687, 2]]]
["receipts-1/1494532091-ecd7c82ceeb246e68462bd36a67b6405-6ca6d487-7UBXxD.receipt", [[606, 0], [907, 0], [1251, 0], [1413, 0], [1485, 0], [1207, 1], [1321, 2]]]
["receipts-1/1494532185-f583676fd6864c7987643f91edbac805-f0731704-PP0Tbd.receipt", [[378, 0], [662, 0], [1025, 0], [1193, 0], [1335, 0], [1460, 0], [1474, 0], [1488, 0], [979, 1], [1085, 2]]]
["receipts-1/1494532462-6e47ced36d7e4e67aa172f78f551922e-45e58bbb-YhXz1j.receipt", [[539, 0], [804, 0], [850, 0], [911, 0], [1019, 0], [1190, 0], [1316, 0], [1329, 0], [1343, 0], [2359, 0], [2670, 0], [2839, 0], [3010, 0], [3136, 0], [3149, 0], [3163, 0], [2624, 1], [2731, 2]]]
["receipts-1/1494532587-14b79047436a4e6494d7334db3780f23-fd5fb894-TUVz6B.receipt", [[401, 0], [685, 0], [967, 0], [1249, 0], [1609, 0], [1777, 0], [1825, 0], [1870, 0], [1994, 0], [2009, 0], [2023, 0], [1563, 1], [1669, 2]]]
["receipts-1/1494532939-0ace268b5eeb489193c80be2a559a0d4-eaeb194e-eq8OWO.receipt", [[393, 0], [481, 0], [534, 0], [605, 0], [749, 0], [791, 0], [833, 0], [960, 0], [1085, 0], [665, 1], [706, 1], [915, 2]]]
