["receipts-5/1494458557-654d2bdbbbbd4c07ad92b0063ded916e-fc2c98c3-aNh0JF.receipt", [[157, 0], [304, 0], [500, 0], [534, 0], [255, 1], [402, 2]]]
["receipts-5/1494458660-37ed60fa8d6a4d97ba86ec78e82dba10-d7f3738c-nyMxpa.receipt", [[453, 0], [462, 0], [589, 0], [706, 0], [547, 1], [663, 2]]]
["receipts-5/1494459020-c6a6510f8a31422ab095583ef996b85c-e538660f-gBzm0P.receipt", [[441, 0], [449, 0], [483, 0], [492, 0], [525, 0], [534, 0], [661, 0], [777, 0], [618, 1], [734, 2]]]
["receipts-5/1494459196-061dd1639bce4a7dad60304504d8dfcb-85448d9e-qctcn6.receipt", [[516, 0], [525, 0], [558, 0], [567, 0], [600, 0], [609, 0], [736, 0], [845, 0], [882, 0], [693, 1], [809, 2]]]
["receipts-5/1494459481-0f07dea4c3b243a8938cc2e855804c82-bd8e5f75-XK0zPP.receipt", [[38, 0], [87, 0], [234, 0], [429, 0], [464, 0], [184, 1], [331, 2]]]
["receipts-5/1494459510-13cf67161b764fbaa83d5facbbf51d41-bf3c7821-u8uTLZ.receipt", [[454, 0], [462, 0], [590, 0], [706, 0], [547, 1], [663, 2]]]
["receipts-5/1494459646-2aa909c617744aebb895e5ed162a7adb-af9456f1-tBa1P8.receipt", [[451, 0], [460, 0], [493, 0], [502, 0], [535, 0], [544, 0], [577, 0], [586, 0], [619, 0], [628, 0], [755, 0], [871, 0], [712, 1], [828, 2]]]
["receipts-5/1494460881-d0a8cf8d1c40463d9af61b973db07f0b-b7962375-gSfmIb.receipt", [[524, 0], [533, 0], [566, 0], [575, 0], [608, 0], [617, 0], [650, 0], [659, 0], [692, 0], [701, 0], [734, 0], [743, 0], [870, 0], [979, 0], [1016, 0], [1092, 0], [827, 1], [943, 2]]]
["receipts-5/1494460900-89596a6a2d984ed798b32c7317c6c20c-62920661-Y2E32f.receipt", [[543, 0], [552, 0], [728, 0], [838, 0], [874, 0], [686, 1], [802, 2]]]
["receipts-5/1494460969-e34b3cc16af6454aaf617bc203e9ca5a-45d06bc5-YabbIf.receipt", [[440, 0], [449, 0], [482, 0], [491, 0], [524, 0], [533, 0], [566, 0], [575, 0], [608, 0], [617, 0], [650, 0], [659, 0], [786, 0], [895, 0], [932, 0], [1008, 0], [743, 1], [859, 2]]]
["receipts-5/1494461591-b16317e161be4491aad0289b43bd7907-40f3e052-kqteOq.receipt", [[450, 0], [459, 0], [586, 0], [695, 0], [732, 0], [808, 0], [544, 1], [659, 2]]]
["receipts-5/1494461985-c1d97d6fcb524e1dbf2c8509b690042d-cd8609c8-55Etcr.receipt", [[509, 0], [518, 0], [551, 0], [560, 0], [593, 0], [601, 0], [635, 0], [644, 0], [677, 0], [685, 0], [813, 0], [922, 0], [959, 0], [1035, 0], [770, 1], [886, 2]]]
["receipts-5/1494462014-5552ee1d58034bb481f0193fae0e644f-7f45b617-uac6xa.receipt", [[465, 0], [473, 0], [601, 0], [710, 0], [747, 0], [558, 1], [674, 2]]]
["receipts-5/1494462087-e5a9c3d373c24dc9a7c5b4d71dfa29c6-fc00eab1-Q3eir4.receipt", [[379, 0], [664, 0], [948, 0], [1313, 0], [1481, 0], [1529, 0], [1574, 0], [1698, 0], [1713, 0], [1727, 0], [1267, 1], [1373, 2]]]
["receipts-5/1494462090-003ffc8741a6456faac673fb44746cc8-9900062b-O6HNXl.receipt", [[402, 0], [684, 0], [967, 0], [1247, 0], [1608, 0], [1775, 0], [1917, 0], [2042, 0], [2056, 0], [2070, 0], [1562, 1], [1667, 2]]]
["receipts-5/1494462101-c128676f20b048a4988e8a5cd4bb588e-7d5a1ea0-wZSUKw.receipt", [[214, 0], [221, 0], [245, 0], [252, 0], [276, 0], [283, 0], [333, 0], [390, 0], [309, 1], [368, 2]]]
["receipts-5/1494462137-e63117caf112492a92e50e06e6ad1ff5-e152f160-M70pqk.receipt", [[519, 0], [528, 0], [610, 0], [619, 0], [701, 0], [710, 0], [792, 0], [801, 0], [883, 0], [892, 0], [974, 0], [983, 0], [1065, 0], [1074, 0], [1250, 0], [1359, 0], [1207, 1], [1323, 2]]]
["receipts-5/1494462167-c973dce8c4254a0baa2f0079673a2b93-dc504a29-2O_ZFy.receipt", [[401, 0], [684, 0], [967, 0], [1250, 0], [1533, 0], [1816, 0], [2100, 0], [2382, 0], [2518, 0], [2800, 0], [3061, 0], [3230, 0], [3355, 0], [3369, 0], [3383, 0], [2754, 1], [2861, 2]]]
["receipts-5/1494462174-039cea3e6228445aad9d25f720d37bd8-1bd32832-g9HHDa.receipt", [[554, 0], [856, 0], [1018, 0], [1089, 0], [812, 1], [926, 2]]]
["receipts-5/1494462193-1a60754e8ab445ecaddd5e79eaaa4931-760396e8-aPrr6b.receipt", [[428, 0], [478, 0], [625, 0], [820, 0], [904, 0], [575, 1], [722, 2]]]
["receipts-5/1494462254-1425c8ff5a0b4c7a96d5d83a8a9e7da8-d94a1c6a-i7nAVh.receipt", [[456, 0], [464, 0], [547, 0], [555, 0], [732, 0], [841, 0], [877, 0], [689, 1], [805, 2]]]
["receipts-5/1494462307-b52323869eb744ad884ba7282ce5a1b9-be5f1b07-A6Drap.receipt", [[606, 0], [649, 0], [778, 0], [940, 0], [1012, 0], [735, 1], [849, 2]]]
["receipts-5/1494462328-6ffb64e5565b4a5c803cd1eba708926e-7a098478-2zOwuw.receipt", [[606, 0], [864, 0], [1165, 0], [1294, 0], [1380, 0], [1595, 0], [1757, 0], [1829, 0], [1551, 1], [1665, 2]]]
["receipts-5/1494462477-cc3d64e61f52482c914d59e6f0d14960-acafd7dc-vG1JXi.receipt", [[404, 0], [685, 0], [965, 0], [1326, 0], [1494, 0], [1542, 0], [1588, 0], [1712, 0], [1726, 0], [1740, 0], [1280, 1], [1386, 2]]]
["receipts-5/1494462588-1338ac6afb1e4ed1ac8a6645c395f4d9-f32283cb-X3MzFN.receipt", [[563, 0], [692, 0], [855, 0], [926, 0], [649, 1], [763, 2]]]
["receipts-5/1494462599-dd263281dd1842a59b7250eeed194200-e7bedbec-XaU7Ku.receipt", [[455, 0], [591, 0], [797, 0], [933, 0], [1139, 0], [1275, 0], [1559, 0], [1820, 0], [1989, 0], [2114, 0], [2128, 0], [2142, 0], [1513, 1], [1619, 2]]]
["receipts-5/1494462606-f6afbdaede5c4b35b51bf880afc7edb3-3ea1064b-2_TypF.receipt", [[154, 0], [160, 0], [525, 0], [623, 0], [671, 0], [720, 0], [769, 0], [959, 0], [1154, 0], [1204, 0], [1246, 0], [1281, 0], [867, 1], [1056, 2]]]
["receipts-5/1494462613-892c9f83f45a4779b62447b0f490abf9-2d84dcbd-X3Epji.receipt", [[510, 0], [519, 0], [601, 0], [610, 0], [692, 0], [701, 0], [877, 0], [986, 0], [1023, 0], [1099, 0], [834, 1], [950, 2]]]
["receipts-5/1494462620-b1615127d40c49a1a7603dc7cc4b0fd0-3105f32e-gepH4D.receipt", [[514, 0], [564, 0], [662, 0], [711, 0], [906, 0], [1151, 0], [1658, 0], [955, 1], [1053, 2]]]
["receipts-5/1494462644-761b02b909eb48d3860cc682b6ef608b-8fb6fb09-ZEvCjg.receipt", [[396, 0], [445, 0], [494, 0], [683, 0], [726, 0], [908, 0], [1006, 0], [1464, 0], [591, 1], [811, 2]]]
["receipts-5/1494462703-8955aeff077a4a839f157b826f6c930e-3800fb31-o0Erg5.receipt", [[372, 0], [414, 0], [525, 0], [534, 0], [544, 0], [671, 0], [499, 1], [587, 2]]]
["receipts-5/1494462714-d455162a19584fc2a2fae8d4e5b57d2f-c4c0f0a7-FoPnje.receipt", [[251, 0], [257, 0], [360, 0], [402, 0], [284, 1], [339, 2]]]
["receipts-5/1494462913-14de7f2d86c445e0a84c16f400ed84e2-5205240b-0JRhTi.receipt", [[404, 0], [686, 0], [970, 0], [1372, 0], [1604, 0], [1955, 0], [2187, 0], [2419, 0], [2651, 0], [2883, 0], [3148, 0], [3194, 0], [3255, 0], [3363, 0], [3411, 0], [3538, 0], [3550, 0], [3564, 0], [4445, 0], [4727, 0], [5011, 0], [5413, 0], [5645, 0], [5996, 0], [6228, 0], [6460, 0], [6692, 0], [6924, 0], [7235, 0], [7404, 0], [7452, 0], [7579, 0], [7591, 0], [7605, 0], [7189, 1], [7296, 2]]]
["receipts-5/1494463040-55ed03a2736347a696314103ae520b7f-49f4c1fd-ms-q8r.receipt", [[401, 0], [682, 0], [962, 0], [1323, 0], [1491, 0], [1539, 0], [1584, 0], [1709, 0], [1723, 0], [1737, 0], [1277, 1], [1383, 2]]]
["receipts-5/1494463257-e895d121dc4d4cb59de3ea2c7d818d3c-c3ff1099-bY8ocT.receipt", [[410, 0], [770, 0], [937, 0], [985, 0], [1031, 0], [1154, 0], [1170, 0], [1183, 0], [725, 1], [830, 2]]]
["receipts-5/1494463267-38b743e0cad54ec0825b74d3b367986d-e3e9021d-NLuG1S.receipt", [[379, 0], [740, 0], [908, 0], [956, 0], [1080, 0], [1095, 0], [1108, 0], [695, 1], [800, 2]]]
["receipts-5/1494463283-9d9ed2dae3b349a9a8adecd682254c83-c615c86c-GJ9jgu.receipt", [[439, 0], [487, 0], [537, 0], [592, 0], [739, 0], [1081, 0], [1130, 0], [1180, 0], [1222, 0], [1306, 0], [1360, 0], [1409, 0], [1492, 0], [689, 1], [836, 2]]]
["receipts-5/1494463341-dd263281dd1842a59b7250eeed194200-2369815f-sTX1uG.receipt", [[405, 0], [690, 0], [972, 0], [1257, 0], [1540, 0], [1823, 0], [2106, 0], [2389, 0], [2672, 0], [2954, 0], [3317, 0], [3484, 0], [3532, 0], [3579, 0], [3703, 0], [3717, 0], [3731, 0], [3271, 1], [3377, 2]]]
["receipts-5/1494463345-7c54f6f9168a4c61ba269d33d00cacae-fd324aa2-ivzmjL.receipt", [[494, 0], [503, 0], [536, 0], [545, 0], [672, 0], [781, 0], [818, 0], [630, 1], [746, 2]]]
["receipts-5/1494463483-13cf67161b764fbaa83d5facbbf51d41-345388df-6gZIuQ.receipt", [[454, 0], [463, 0], [545, 0], [554, 0], [636, 0], [645, 0], [727, 0], [736, 0], [912, 0], [1021, 0], [1058, 0], [1134, 0], [869, 1], [985, 2]]]
["receipts-5/1494463501-559d6e798ac64a739c5cb1f09779ed7c-e8ca5a75-XWsRJw.receipt", [[535, 0], [544, 0], [671, 0], [781, 0], [629, 1], [745, 2]]]
["receipts-5/1494463524-6c7c502401a048078344320f5f1df5ee-e58650ff-OdcIIW.receipt", [[516, 0], [525, 0], [558, 0], [567, 0], [600, 0], [609, 0], [642, 0], [651, 0], [684, 0], [693, 0], [726, 0], [734, 0], [768, 0], [777, 0], [810, 0], [819, 0], [946, 0], [1055, 0], [1092, 0], [903, 1], [1019, 2]]]
["receipts-5/1494463536-e34b3cc16af6454aaf617bc203e9ca5a-16df4dfe-2FB_IR.receipt", [[507, 0], [516, 0], [549, 0], [558, 0], [591, 0], [600, 0], [727, 0], [837, 0], [873, 0], [685, 1], [801, 2]]]
["receipts-5/1494463564-9b861aa6ad994705b5a21287886f39bc-86e8fb73-wPfrNM.receipt", [[347, 0], [434, 0], [519, 0], [649, 0], [811, 0], [883, 0], [605, 1], [719, 2]]]
["receipts-5/1494463748-b4829ead983247829f8b0eecf9c726ad-92ce4dc0-khmrG9.receipt", [[559, 0], [688, 0], [851, 0], [645, 1], [759, 2]]]
["receipts-5/1494463776-fdd890a84b834b66b625c76259bdfa39-8a49fb2c-4Zf3cy.receipt", [[598, 0], [899, 0], [1286, 0], [1448, 0], [1242, 1], [1356, 2]]]
["receipts-5/1494463789-b067e1cdba614fae8418c5b669866699-97149441-TTZ5SN.receipt", [[357, 0], [406, 0], [454, 0], [504, 0], [553, 0], [602, 0], [791, 0], [834, 0], [877, 0], [1057, 0], [699, 1], [974, 2]]]
["receipts-5/1494463798-aba37b7bf69b42fe8950e5644d9992c4-2e99bfda-MG1Rok.receipt", [[555, 0], [856, 0], [1019, 0], [813, 1], [927, 2]]]
["receipts-5/1494463852-6d690b79926f4bbf94900683cd960754-92b3bad6-dgizfe.receipt", [[393, 0], [458, 0], [524, 0], [581, 0], [655, 0], [807, 0], [849, 0], [891, 0], [1018, 0], [1142, 0], [764, 1], [723, 1], [973, 2]]]
["receipts-5/1494463871-79775fdf77b94321a20ecd670e7b6940-a73b774d-hQP8et.receipt", [[376, 0], [738, 0], [906, 0], [1075, 0], [1199, 0], [1214, 0], [1228, 0], [692, 1], [798, 2]]]
["receipts-5/1494463900-ce0b9c8a9d0047fea91ad685e252e4d9-6f49e6fd-zbgVux.receipt", [[378, 0], [662, 0], [1025, 0], [1193, 0], [1362, 0], [1487, 0], [1501, 0], [1515, 0], [979, 1], [1085, 2]]]
["receipts-5/1494463913-3b718054a6d94d2e95d28722cd676d5d-ef5ad5f4-lVTUvP.receipt", [[408, 0], [693, 0], [978, 0], [1342, 0], [1510, 0], [1558, 0], [1603, 0], [1728, 0], [1742, 0], [1756, 0], [1296, 1], [1402, 2]]]
["receipts-5/1494463971-74ff21d4d9bd44e9899269c761c119e2-b5758c91-y_oUxp.receipt", [[434, 0], [443, 0], [525, 0], [534, 0], [710, 0], [820, 0], [668, 1], [784, 2]]]
["receipts-5/1494463974-55ed03a2736347a696314103ae520b7f-98ddf114-YTR1MX.receipt", [[400, 0], [683, 0], [963, 0], [1324, 0], [1491, 0], [1539, 0], [1585, 0], [1710, 0], [1724, 0], [1738, 0], [1278, 1], [1384, 2]]]
["receipts-5/1494464076-7c366d91638145eda6586dbc49dde30c-2b296578-laJKj7.receipt", [[433, 0], [442, 0], [475, 0], [484, 0], [517, 0], [526, 0], [559, 0], [568, 0], [601, 0], [609, 0], [737, 0], [846, 0], [883, 0], [959, 0], [694, 1], [810, 2]]]
["receipts-5/1494464138-2d35e327ccbc404b999e800c55ca6700-88ad272f-qDIdx2.receipt", [[377, 0], [662, 0], [1025, 0], [1193, 0], [1335, 0], [1459, 0], [1474, 0], [1488, 0], [979, 1], [1085, 2]]]
["receipts-5/1494464154-02d8a600b5cd44b7865560cd5fe8cb12-3684cf14-pPLtNg.receipt", [[400, 0], [589, 0], [785, 0], [819, 0], [498, 1], [687, 2]]]
["receipts-5/1494464159-ecd7c82ceeb246e68462bd36a67b6405-c17cdf71-45IM2D.receipt", [[559, 0], [946, 0], [1032, 0], [1117, 0], [1247, 0], [1410, 0], [1204, 1], [1318, 2]]]
["receipts-5/1494464205-bb8f01e7310b4cc8a97bbbb5ef2eb849-cc3912cb-1cLl0N.receipt", [[436, 0], [445, 0], [478, 0], [487, 0], [520, 0], [529, 0], [562, 0], [571, 0], [604, 0], [613, 0], [646, 0], [655, 0], [782, 0], [898, 0], [739, 1], [855, 2]]]
["receipts-5/1494464220-7fc6bd1ecfe7423c88aa796b8e8968dd-909e3623-1zwoFo.receipt", [[602, 0], [817, 0], [1118, 0], [1280, 0], [1074, 1], [1188, 2]]]
["receipts-5/1494464245-1a60754e8ab445ecaddd5e79eaaa4931-e509c711-Q64YNn.receipt", [[429, 0], [477, 0], [526, 0], [625, 0], [772, 0], [967, 0], [1051, 0], [722, 1], [869, 2]]]
["receipts-5/1494464328-c2ad6f11e15a491b93a97a8996127dc8-14a06fbf-J61s6M.receipt", [[408, 0], [692, 0], [976, 0], [1260, 0], [1543, 0], [1829, 0], [2191, 0], [2359, 0], [2407, 0], [2453, 0], [2577, 0], [2591, 0], [2605, 0], [2145, 1], [2251, 2]]]
["receipts-5/1494464368-14de7f2d86c445e0a84c16f400ed84e2-315e9bea-LeZ94r.receipt", [[380, 0], [665, 0], [947, 0], [1310, 0], [1478, 0], [1526, 0], [1572, 0], [1696, 0], [1710, 0], [1724, 0], [1264, 1], [1370, 2]]]
["receipts-5/1494464465-6e58aaaa39a34d1abd9bfa915a5bb0b3-87bf603-l_WbJ8.receipt", [[448, 0], [457, 0], [490, 0], [499, 0], [532, 0], [541, 0], [668, 0], [778, 0], [814, 0], [626, 1], [742, 2]]]
["receipts-5/1494464546-b8d754d6e1a848eeab5b20b3d760d92e-f8f2aea4-0Fd2Rw.receipt", [[456, 0], [465, 0], [498, 0], [507, 0], [540, 0], [549, 0], [582, 0], [591, 0], [624, 0], [633, 0], [666, 0], [675, 0], [802, 0], [910, 0], [947, 0], [759, 1], [875, 2]]]
["receipts-5/1494464551-b6e18c5b33934704bc0efd971def386f-adbd595b-HGSrvF.receipt", [[417, 0], [567, 0], [696, 0], [819, 0], [525, 1], [483, 1], [647, 2]]]
["receipts-5/1494464730-ce0f8f3f765549b1866ea4557a139b41-2489ff6e-3PEjn4.receipt", [[532, 0], [541, 0], [717, 0], [827, 0], [675, 1], [791, 2]]]
["receipts-5/1494464948-64529de98c1541bb9d062cce5350db54-fd0a7014-zkdB6j.receipt", [[403, 0], [453, 0], [600, 0], [795, 0], [830, 0], [1058, 0], [1107, 0], [1156, 0], [550, 1], [697, 2]]]
["receipts-5/1494464987-b813f399702e4fec81645759b7878203-a89920aa-Bk4Pyr.receipt", [[438, 0], [447, 0], [480, 0], [489, 0], [616, 0], [726, 0], [762, 0], [839, 0], [574, 1], [690, 2]]]
["receipts-5/1494465032-82fdb3f9e0de4cbc9617043cd29ab162-892c7198-amybEm.receipt", [[345, 0], [630, 0], [915, 0], [1200, 0], [1485, 0], [1770, 0], [2055, 0], [2418, 0], [2586, 0], [2755, 0], [2879, 0], [2894, 0], [2908, 0], [2372, 1], [2478, 2]]]
["receipts-5/1494465273-b192ab15f7ba46ca99d446eecdc11d65-7f1465a8-WrKb2z.receipt", [[451, 0], [460, 0], [493, 0], [502, 0], [535, 0], [544, 0], [577, 0], [586, 0], [619, 0], [628, 0], [661, 0], [670, 0], [703, 0], [712, 0], [745, 0], [754, 0], [787, 0], [796, 0], [829, 0], [838, 0], [965, 0], [1074, 0], [1111, 0], [1187, 0], [922, 1], [1038, 2]]]
["receipts-5/1494465450-27a67e3ffa5243f9a8e5ccb962021373-b88f97ed-A9nhSX.receipt", [[500, 0], [592, 0], [680, 0], [806, 0], [887, 0], [637, 1], [763, 2]]]
["receipts-5/1494465747-95d580187ef6470db74e858d18994cf6-ea00ba7f-WsKxBL.receipt", [[376, 0], [419, 0], [460, 0], [503, 0], [613, 0], [570, 1], [695, 2]]]
["receipts-5/1494465753-60ce25b64c8445e99ea14c34c6136ef7-c5ca44fd-Ly2s1v.receipt", [[404, 0], [686, 0], [1047, 0], [1215, 0], [1384, 0], [1509, 0], [1523, 0], [1537, 0], [1001, 1], [1107, 2]]]
["receipts-5/1494465757-d455162a19584fc2a2fae8d4e5b57d2f-856e537f-8MM06j.receipt", [[267, 0], [273, 0], [317, 0], [323, 0], [422, 0], [445, 0], [458, 0], [341, 1], [396, 2]]]
["receipts-5/1494465829-b13f7f07fa0e410b859a0f6810508743-c1f2af53-QybiqS.receipt", [[404, 0], [687, 0], [967, 0], [1250, 0], [1647, 0], [1959, 0], [2127, 0], [2296, 0], [2421, 0], [2435, 0], [2449, 0], [1913, 1], [2019, 2]]]
["receipts-5/1494465922-10eed29632af4c1a9b3f9db051944fbd-79f2e8dc-XeQRR8.receipt", [[417, 0], [540, 0], [679, 0], [812, 0], [498, 1], [628, 2]]]
["receipts-5/1494466328-1b224a3f336c44f9967870ca45964791-1e7d3fff-Ga07Ep.receipt", [[434, 0], [526, 0], [592, 0], [634, 0], [744, 0], [786, 0], [912, 0], [1000, 0], [1051, 0], [1176, 0], [701, 1], [869, 2]]]
["receipts-5/1494466336-9d916049a4df44dba7e07d9ca961efb7-d98287ff-AHOP_T.receipt", [[383, 0], [668, 0], [951, 0], [1312, 0], [1480, 0], [1528, 0], [1574, 0], [1698, 0], [1712, 0], [1726, 0], [1266, 1], [1372, 2]]]
["receipts-5/1494466521-64529de98c1541bb9d062cce5350db54-eb0090fb-vkJXyF.receipt", [[356, 0], [406, 0], [455, 0], [504, 0], [651, 0], [846, 0], [1353, 0], [1581, 0], [1630, 0], [1679, 0], [601, 1], [748, 2]]]
["receipts-5/1494466612-b98ab1acf4684b79a1073f16c95cafcc-b44bb145-l-8Hjj.receipt", [[598, 0], [770, 0], [813, 0], [1028, 0], [1071, 0], [1286, 0], [1415, 0], [1577, 0], [1371, 1], [1485, 2]]]
["receipts-5/1494466687-6802553453cb4906959b27ff70a31b9e-ef9127e7-_ebOjG.receipt", [[602, 0], [644, 0], [688, 0], [730, 0], [774, 0], [817, 0], [989, 0], [1151, 0], [1223, 0], [946, 1], [1060, 2]]]
["receipts-5/1494466775-5993ad73555f417a94414851db7255a0-5372ad70-uzHA0F.receipt", [[194, 0], [205, 0], [295, 0], [221, 1], [275, 2]]]
["receipts-5/1494466883-a81f7ccb51514f84bce80000af7a6b40-f5098d48-4wyJfL.receipt", [[375, 0], [659, 0], [941, 0], [1301, 0], [1469, 0], [1517, 0], [1563, 0], [1686, 0], [1701, 0], [1715, 0], [1255, 1], [1361, 2]]]
["receipts-5/1494467422-4023d0ca40b7417995641ecc2e355866-47c1c180-8u7ReG.receipt", [[563, 0], [649, 0], [907, 0], [993, 0], [1337, 0], [1499, 0], [1571, 0], [1293, 1], [1407, 2]]]
["receipts-5/1494467611-da008b0554dd422580b59364029aa595-52838acd-EkbfhO.receipt", [[400, 0], [449, 0], [498, 0], [547, 0], [596, 0], [645, 0], [694, 0], [742, 0], [792, 0], [841, 0], [890, 0], [939, 0], [988, 0], [1037, 0], [1085, 0], [1135, 0], [1184, 0], [1331, 0], [1525, 0], [2033, 0], [1281, 1], [1427, 2]]]
["receipts-5/1494468076-96786f684cfc4fe9844caa3dd53ad9fb-b1a5a58a-B8TYh_.receipt", [[401, 0], [516, 0], [524, 0], [535, 0], [674, 0], [717, 0], [489, 1], [583, 2]]]
["receipts-5/1494468148-79a0c6e75eb44448ab137f67f144b1ff-f72af03e-PdQiWC.receipt", [[391, 0], [433, 0], [531, 0], [573, 0], [712, 0], [837, 0], [489, 1], [661, 2]]]
["receipts-5/1494468332-7d2b535a20dd4b648876ca2ad8043c05-7b4416eb-WJbhy-.receipt", [[370, 0], [443, 0], [485, 0], [571, 0], [711, 0], [835, 0], [529, 1], [660, 2]]]
["receipts-5/1494468388-b9f285f0c8514753b2e399d4f1ef20b8-b833e91f-bLZLMf.receipt", [[402, 0], [660, 0], [1117, 0], [1286, 0], [951, 1], [1009, 2]]]
["receipts-5/1494468396-722b82246a5f489fbe936f09d6eeccad-89148048-LRVIly.receipt", [[392, 0], [496, 0], [538, 0], [678, 0], [802, 0], [454, 1], [627, 2]]]
["receipts-5/1494468510-51bb3e9f3e8a440698b958d991fe84bb-c4232a0d-ymFXY7.receipt", [[433, 0], [475, 0], [517, 0], [559, 0], [646, 0], [602, 1], [733, 2]]]
["receipts-5/1494468536-b13f7f07fa0e410b859a0f6810508743-82472041-ebWSbW.receipt", [[405, 0], [764, 0], [932, 0], [1101, 0], [1225, 0], [1240, 0], [1253, 0], [719, 1], [824, 2]]]
["receipts-5/1494468645-1a60754e8ab445ecaddd5e79eaaa4931-72843f7e-CEzYEE.receipt", [[429, 0], [477, 0], [526, 0], [624, 0], [772, 0], [967, 0], [1051, 0], [722, 1], [869, 2]]]
["receipts-5/1494468675-6eeda8bcbaf449a5bd3adb10171accc4-154b7f7d-v35WQu.receipt", [[390, 0], [409, 0], [504, 0], [523, 0], [619, 0], [637, 0], [759, 0], [879, 0], [960, 0], [1001, 0], [718, 1], [839, 2]]]
["receipts-5/1494468711-dfea93ad13e94f65a185c185e509f0a7-83ac29e4-bkpFNP.receipt", [[606, 0], [692, 0], [778, 0], [864, 0], [993, 0], [1155, 0], [1227, 0], [949, 1], [1063, 2]]]
["receipts-5/1494468857-b1d92f93d102491e88823076b7c14fd1-ac7a92ae-plzZPu.receipt", [[335, 0], [387, 0], [439, 0], [516, 0], [602, 0], [559, 1], [684, 2]]]
["receipts-5/1494468909-c021caa8a5c941a6b97596e7870022e8-87bd6358-56Nad2.receipt", [[406, 0], [516, 0], [602, 0], [720, 0], [830, 0], [560, 1], [670, 2]]]
["receipts-5/1494469755-4450aba76670472181264a0b271a39fe-ca48ff8e-j6y8VZ.receipt", [[598, 0], [683, 0], [841, 0], [770, 1], [933, 2]]]
["receipts-5/1494470226-1a60754e8ab445ecaddd5e79eaaa4931-258de3a9-GSMIVT.receipt", [[428, 0], [478, 0], [576, 0], [723, 0], [918, 0], [1002, 0], [673, 1], [820, 2]]]
["receipts-5/1494470289-b5c244f9cf7d460796b12689a1c60844-fc54247a-b-I28Q.receipt", [[485, 0], [535, 0], [583, 0], [633, 0], [682, 0], [829, 0], [1024, 0], [1059, 0], [779, 1], [926, 2]]]
["receipts-5/1494470621-c769c0b636164e6fac9e8232946cfba1-47f62fc2-u-5ZJp.receipt", [[530, 0], [580, 0], [628, 0], [727, 0], [916, 0], [959, 0], [1154, 0], [1203, 0], [1246, 0], [1281, 0], [824, 1], [1056, 2]]]
["receipts-5/1494471003-570438d7596e4e7dbcc34c6cea6ab876-508b3476-Tx_YrT.receipt", [[602, 0], [860, 0], [946, 0], [1118, 0], [1281, 0], [1075, 1], [1189, 2]]]
["receipts-5/1494471315-6d690b79926f4bbf94900683cd960754-f98cce5b-6CjFCv.receipt", [[393, 0], [435, 0], [477, 0], [519, 0], [577, 0], [685, 0], [750, 0], [808, 0], [866, 0], [908, 0], [950, 0], [1078, 0], [1120, 0], [1162, 0], [1289, 0], [1413, 0], [1035, 1], [994, 1], [1244, 2]]]
["receipts-5/1494471577-84ff005194854b6499cc383b95b2ec56-a0006dd2-yblkYj.receipt", [[384, 0], [666, 0], [951, 0], [1234, 0], [1595, 0], [1763, 0], [1905, 0], [2030, 0], [2044, 0], [2058, 0], [1549, 1], [1655, 2]]]
["receipts-5/1494471814-cb74ee0d4ae44217a44c16b6720ef210-a238abed-TocNgI.receipt", [[407, 0], [691, 0], [975, 0], [1337, 0], [1505, 0], [1553, 0], [1599, 0], [1723, 0], [1737, 0], [1751, 0], [1291, 1], [1397, 2]]]
["receipts-5/1494472074-9b861aa6ad994705b5a21287886f39bc-a2632f5c-qD-hbb.receipt", [[348, 0], [520, 0], [683, 0], [477, 1], [591, 2]]]
["receipts-5/1494473052-968ab56d5ec144bf8695d6c230d6b604-d7ed375a-Mh9UAJ.receipt", [[392, 0], [434, 0], [476, 0], [518, 0], [585, 0], [714, 0], [853, 0], [978, 0], [671, 1], [630, 1], [802, 2]]]
["receipts-5/1494473062-9b861aa6ad994705b5a21287886f39bc-625609a7-s5A_aF.receipt", [[348, 0], [434, 0], [520, 0], [606, 0], [735, 0], [897, 0], [691, 1], [805, 2]]]
["receipts-5/1494474045-0b1a52559282451189545d860ff3d7bb-e3a26d96--v0BBE.receipt", [[156, 0], [162, 0], [392, 0], [436, 0], [479, 0], [521, 0], [565, 0], [608, 0], [651, 0], [780, 0], [941, 0], [735, 1], [849, 2]]]
["receipts-5/1494474227-570438d7596e4e7dbcc34c6cea6ab876-682d3dd8-EZRu8F.receipt", [[598, 0], [684, 0], [770, 0], [856, 0], [985, 0], [1147, 0], [941, 1], [1055, 2]]]
["receipts-5/1494474585-1024df1193194d8aa0f02a8cce512530-3436957f-csyyNq.receipt", [[598, 0], [683, 0], [770, 1], [841, 2]]]
["receipts-5/1494476234-2e0292494f6b45bea5651dc4b1abb701-55c4af10-K6IM0Z.receipt", [[560, 0], [610, 0], [659, 0], [708, 0], [756, 0], [805, 0], [854, 0], [1001, 0], [1196, 0], [1246, 0], [951, 1], [1098, 2]]]
["receipts-5/1494507085-215fd1adf81442bbb753bbc051758dda-a047ce49-muVc8r.receipt", [[555, 0], [684, 0], [847, 0], [641, 1], [755, 2]]]
["receipts-5/1494508647-570438d7596e4e7dbcc34c6cea6ab876-609fa267-Pg9BBA.receipt", [[606, 0], [735, 0], [898, 0], [969, 0], [692, 1], [806, 2]]]
["receipts-5/1494509472-f3df3069de784921ac364e6bf8816950-eaa358b-ZVI5bX.receipt", [[598, 0], [770, 0], [933, 0], [727, 1], [841, 2]]]
["receipts-5/1494509614-74fc4a36358644918f08a792ed0ae99d-e5c2599e-ezHt1m.receipt", [[598, 0], [727, 0], [899, 0], [1062, 0], [856, 1], [970, 2]]]
["receipts-5/1494510445-5b9047d0e77a4c6eb8046504e47c824c-b96e4cb6-Hul_bh.receipt", [[606, 0], [692, 0], [735, 0], [907, 0], [1070, 0], [1141, 0], [864, 1], [978, 2]]]
["receipts-5/1494510756-5b9047d0e77a4c6eb8046504e47c824c-93a7d2e0--wDl0-.receipt", [[606, 0], [735, 0], [898, 0], [969, 0], [692, 1], [806, 2]]]
["receipts-5/1494511077-2955ce57e69648c185a4b7189b5a0ed6-7ad96b45-yNRlQF.receipt", [[603, 0], [732, 0], [895, 0], [966, 0], [689, 1], [803, 2]]]
["receipts-5/1494511183-6b64425e8ca84815a48cba63db1e7555-fbce6b7-eNKBZN.receipt", [[606, 0], [692, 0], [821, 0], [983, 0], [1054, 0], [778, 1], [892, 2]]]
["receipts-5/1494511353-fdd890a84b834b66b625c76259bdfa39-fbfd0407-zQW_Lo.receipt", [[606, 0], [778, 0], [940, 0], [1012, 0], [735, 1], [849, 2]]]
["receipts-5/1494512120-44938ec7f1184f7892152f5c2c3f1eb2-882f312-e16W_7.receipt", [[606, 0], [649, 0], [778, 0], [941, 0], [735, 1], [849, 2]]]
["receipts-5/1494513713-215fd1adf81442bbb753bbc051758dda-b14d5793-Z_1iqY.receipt", [[559, 0], [688, 0], [851, 0], [645, 1], [759, 2]]]
["receipts-5/1494514111-12780683803e4741b201708c0d154eb4-35efb870-WO55bX.receipt", [[606, 0], [649, 0], [692, 0], [821, 0], [984, 0], [1055, 0], [778, 1], [892, 2]]]
["receipts-5/1494514439-18a52dc9d384414e902c1faf2138846a-70f13971-po4ziO.receipt", [[606, 0], [735, 0], [864, 0], [1027, 0], [821, 1], [935, 2]]]
["receipts-5/1494515169-18a52dc9d384414e902c1faf2138846a-a2fc6a26-YHshm6.receipt", [[606, 0], [735, 0], [898, 0], [692, 1], [806, 2]]]
["receipts-5/1494515181-2589d7fac465407bb5c56d59c8d9913b-5432aaed-v5agtO.receipt", [[598, 0], [727, 0], [890, 0], [684, 1], [798, 2]]]
["receipts-5/1494516286-5b9047d0e77a4c6eb8046504e47c824c-2547ca35-PYMh7o.receipt", [[606, 0], [692, 0], [735, 0], [821, 0], [993, 0], [1155, 0], [1227, 0], [949, 1], [1063, 2]]]
["receipts-5/1494516611-fdd890a84b834b66b625c76259bdfa39-8826502a-CmZ_qj.receipt", [[555, 0], [856, 0], [1157, 0], [1587, 0], [1749, 0], [1543, 1], [1657, 2]]]
["receipts-5/1494516805-761b02b909eb48d3860cc682b6ef608b-33b7caa4-5-RUp4.receipt", [[396, 0], [445, 0], [494, 0], [683, 0], [768, 0], [963, 0], [1013, 0], [1055, 0], [1301, 0], [591, 1], [865, 2]]]
["receipts-5/1494517628-59836666323b4f7f989752e71ec616b1-aad57860-w3jvif.receipt", [[563, 0], [692, 0], [854, 0], [925, 0], [649, 1], [763, 2]]]
["receipts-5/1494517756-761b02b909eb48d3860cc682b6ef608b-5b6cfe07-baL6tr.receipt", [[396, 0], [445, 0], [493, 0], [543, 0], [732, 0], [817, 0], [1012, 0], [1470, 0], [640, 1], [914, 2]]]
["receipts-5/1494518137-d5889487a13c488c8a3cf3c98787b10e-f32ceb2a-GO_YBM.receipt", [[399, 0], [477, 0], [573, 0], [659, 0], [799, 0], [923, 0], [617, 1], [748, 2]]]
["receipts-5/1494518181-ab08c8180c45410bb9cdd27e564141df-6749f0c8-_IC2A9.receipt", [[602, 0], [731, 0], [894, 0], [688, 1], [802, 2]]]
["receipts-5/1494518686-4450aba76670472181264a0b271a39fe-3cb4b80d-3ZNesp.receipt", [[602, 0], [731, 0], [894, 0], [688, 1], [802, 2]]]
["receipts-5/1494519431-4965bd52f81c475ab842e4de6b39609b-19bcf83c-CFXWHk.receipt", [[388, 0], [430, 0], [472, 0], [514, 0], [556, 0], [642, 0], [781, 0], [906, 0], [599, 1], [730, 2]]]
["receipts-5/1494519608-59002e3fbc5241a48afd337d82adb05b-779c020c-STmMf6.receipt", [[404, 0], [765, 0], [933, 0], [981, 0], [1027, 0], [1151, 0], [1165, 0], [1179, 0], [719, 1], [825, 2]]]
["receipts-5/1494519983-a390b7d7f1ac4b59bf4a865de7c46789-afb0212d-RuVPdm.receipt", [[377, 0], [659, 0], [1020, 0], [1188, 0], [1236, 0], [1282, 0], [1406, 0], [1420, 0], [1434, 0], [974, 1], [1080, 2]]]
["receipts-5/1494520471-7fc6bd1ecfe7423c88aa796b8e8968dd-ad049900-wL8oav.receipt", [[602, 0], [687, 0], [817, 0], [980, 0], [774, 1], [888, 2]]]
["receipts-5/1494520684-0931b397c92641ba92600e0aeb9642b9-c73d7466-ic2hTC.receipt", [[399, 0], [682, 0], [963, 0], [1244, 0], [1525, 0], [1806, 0], [2087, 0], [2368, 0], [2649, 0], [2930, 0], [3211, 0], [3492, 0], [3773, 0], [4132, 0], [4300, 0], [4469, 0], [4594, 0], [4608, 0], [4622, 0], [4086, 1], [4192, 2]]]
["receipts-5/1494521126-037bb901775a4f8db83366748a9b0fff-d6fc6cf5-BXls9w.receipt", [[610, 0], [739, 0], [782, 0], [868, 0], [954, 0], [1255, 0], [1513, 0], [1642, 0], [1804, 0], [1875, 0], [1598, 1], [1712, 2]]]
["receipts-5/1494521378-c037d895371a46dd9c5e49a249dc1457-8805258e-FjW5sW.receipt", [[379, 0], [664, 0], [949, 0], [1308, 0], [1476, 0], [1645, 0], [1768, 0], [1784, 0], [1797, 0], [1263, 1], [1368, 2]]]
["receipts-5/1494521730-d6a3d6ef8df54060936ba70fa58bda28-9e659de5-VKI43H.receipt", [[381, 0], [667, 0], [953, 0], [1240, 0], [1525, 0], [1809, 0], [2096, 0], [2459, 0], [2627, 0], [2769, 0], [2894, 0], [2909, 0], [2923, 0], [2413, 1], [2519, 2]]]
["receipts-5/1494522001-040b6645cf1541b08601c5021e931881-dda073a1-o8TZek.receipt", [[606, 0], [907, 0], [1251, 0], [1413, 0], [1485, 0], [1207, 1], [1321, 2]]]
["receipts-5/1494522093-fdd890a84b834b66b625c76259bdfa39-51744371-4fA2ok.receipt", [[559, 0], [645, 0], [688, 0], [774, 0], [946, 0], [1109, 0], [903, 1], [1017, 2]]]
["receipts-5/1494522249-6d5fe7e846e54aca9c5c6917b433897f-c8605323-Xudu1c.receipt", [[406, 0], [688, 0], [972, 0], [1335, 0], [1503, 0], [1672, 0], [1797, 0], [1811, 0], [1825, 0], [1289, 1], [1395, 2]]]
["receipts-5/1494522345-167c2a9334f84549a9bf84c90399d8ea-199d8915-BZk90a.receipt", [[553, 0], [639, 0], [768, 0], [930, 0], [974, 0], [1016, 0], [1145, 0], [725, 1], [838, 2]]]
["receipts-5/1494522352-142049b57b7c4e8e80e5a3177b0d353c-7d8c0614-H7bRGv.receipt", [[390, 0], [433, 0], [519, 0], [658, 0], [791, 0], [476, 1], [607, 2]]]
["receipts-5/1494522500-6ffb64e5565b4a5c803cd1eba708926e-506a898d-pKTajY.receipt", [[602, 0], [688, 0], [774, 0], [946, 0], [1108, 0], [903, 1], [1016, 2]]]
["receipts-5/1494522886-22d5b0ee83484cf384751e122a7b6fab-a65ad01d-eWRGUZ.receipt", [[437, 0], [609, 0], [781, 0], [824, 0], [996, 0], [1125, 0], [1287, 0], [1081, 1], [1195, 2]]]
["receipts-5/1494522964-16989e3f4632449bae27b08a6366bf74-2b714b50-UUHdZB.receipt", [[156, 0], [162, 0], [483, 0], [631, 0], [826, 0], [910, 0], [581, 1], [728, 2]]]
["receipts-5/1494523024-bb335335d98741eea041fd0c5db17e34-4ef6393a-v5Uw5_.receipt", [[402, 0], [684, 0], [968, 0], [1252, 0], [1537, 0], [1934, 0], [2167, 0], [2398, 0], [2630, 0], [2943, 0], [3111, 0], [3253, 0], [3377, 0], [3392, 0], [3405, 0], [2898, 1], [3003, 2]]]
["receipts-5/1494523181-74fc4a36358644918f08a792ed0ae99d-24edaf1a-sNugl2.receipt", [[598, 0], [727, 0], [890, 0], [684, 1], [798, 2]]]
["receipts-5/1494523886-985c8f4a3dd844bab859dd09ff88d82e-a610203b-TdZobQ.receipt", [[606, 0], [950, 0], [1112, 0], [1183, 0], [907, 1], [1021, 2]]]
["receipts-5/1494524066-51d55f9806364863bfbd6523419f1390-5c338292-LjdwaC.receipt", [[437, 0], [523, 0], [652, 0], [815, 0], [609, 1], [723, 2]]]
["receipts-5/1494524303-f583676fd6864c7987643f91edbac805-c818e61a-10YCBW.receipt", [[378, 0], [741, 0], [909, 0], [957, 0], [1003, 0], [1127, 0], [1141, 0], [1155, 0], [695, 1], [801, 2]]]
["receipts-5/1494524983-fdd890a84b834b66b625c76259bdfa39-7f513398-GXh6V4.receipt", [[606, 0], [692, 0], [778, 0], [907, 0], [950, 0], [1079, 0], [1241, 0], [1313, 0], [1035, 1], [1149, 2]]]
["receipts-5/1494525161-58d88fcf3d4b4bfca22bda7991f1a3c3-7defab5a-FAIGg2.receipt", [[559, 0], [946, 0], [1109, 0], [903, 1], [1017, 2]]]
["receipts-5/1494525788-c128676f20b048a4988e8a5cd4bb588e-cb06b815-B1YuKI.receipt", [[213, 0], [220, 0], [271, 0], [327, 0], [248, 1], [306, 2]]]
["receipts-5/1494525904-b52323869eb744ad884ba7282ce5a1b9-3d52b11b-AUooeB.receipt", [[602, 0], [860, 0], [1204, 0], [1366, 0], [1160, 1], [1274, 2]]]
["receipts-5/1494526063-4b88c3830fd84ba2b9cb114dac8b9ef3-34b6c1d8-yKre17.receipt", [[559, 0], [688, 0], [817, 0], [946, 0], [1109, 0], [903, 1], [1017, 2]]]
["receipts-5/1494526146-d8bfe18c87114ba0bcf4e42cd7657f80-1da6fff5-kpJGBD.receipt", [[347, 0], [632, 0], [917, 0], [1201, 0], [1487, 0], [1852, 0], [2020, 0], [2068, 0], [2113, 0], [2237, 0], [2252, 0], [2266, 0], [1806, 1], [1912, 2]]]
["receipts-5/1494526275-ce0b9c8a9d0047fea91ad685e252e4d9-dd2081ad-JVedxX.receipt", [[380, 0], [741, 0], [908, 0], [1077, 0], [1201, 0], [1216, 0], [1229, 0], [696, 1], [800, 2]]]
["receipts-5/1494526378-f4981baa03b74d47a5a99c88d2a21179-85f78626-efvwaN.receipt", [[407, 0], [688, 0], [971, 0], [1254, 0], [1538, 0], [1898, 0], [2066, 0], [2208, 0], [2332, 0], [2347, 0], [2361, 0], [1852, 1], [1958, 2]]]
["receipts-5/1494526572-cd959760dc9e415a85578056766835f5-6b956ed3-erKyeI.receipt", [[404, 0], [765, 0], [932, 0], [980, 0], [1026, 0], [1151, 0], [1165, 0], [1179, 0], [719, 1], [825, 2]]]
["receipts-5/1494526700-6ffb64e5565b4a5c803cd1eba708926e-a353f396-H03CQS.receipt", [[606, 0], [778, 0], [940, 0], [1012, 0], [735, 1], [849, 2]]]
["receipts-5/1494526792-f063a79c50c7423688497afd3ed66b98-c63d48b7-eyqM5s.receipt", [[486, 0], [535, 0], [584, 0], [737, 0], [932, 0], [1439, 0], [1667, 0], [1716, 0], [1765, 0], [687, 1], [834, 2]]]
["receipts-5/1494526895-734a4107e2a142a0ae029c2938c92f28-b56f6443-SXINR8.receipt", [[555, 0], [942, 0], [1105, 0], [899, 1], [1013, 2]]]
["receipts-5/1494527201-b9f285f0c8514753b2e399d4f1ef20b8-984c68a6-468ZTw.receipt", [[403, 0], [690, 0], [1049, 0], [1217, 0], [1265, 0], [1311, 0], [1434, 0], [1449, 0], [1463, 0], [1003, 1], [1109, 2]]]
["receipts-5/1494527324-e9c1236d4da9493596d051ce5b5642b8-56953927-DDq80Z.receipt", [[154, 0], [160, 0], [482, 0], [531, 0], [580, 0], [629, 0], [818, 0], [1013, 0], [1063, 0], [1105, 0], [1140, 0], [726, 1], [915, 2]]]
["receipts-5/1494527508-d8bfe18c87114ba0bcf4e42cd7657f80-44406671-wRzQrR.receipt", [[346, 0], [633, 0], [992, 0], [1159, 0], [1328, 0], [1452, 0], [1467, 0], [1481, 0], [946, 1], [1051, 2]]]
["receipts-5/1494527617-2589d7fac465407bb5c56d59c8d9913b-82e07509-8B7awg.receipt", [[563, 0], [907, 0], [1070, 0], [1141, 0], [864, 1], [978, 2]]]
["receipts-5/1494527968-67bee231266a466381c9a77b05b7deee-7ef64244-A-p0Ef.receipt", [[240, 0], [247, 0], [280, 0], [287, 0], [310, 0], [429, 0], [491, 0], [627, 0], [353, 1], [408, 2]]]
["receipts-5/1494527980-74fc4a36358644918f08a792ed0ae99d-8a39968a-t0nm4x.receipt", [[606, 0], [735, 0], [898, 0], [969, 0], [692, 1], [806, 2]]]
["receipts-5/1494528168-82fdb3f9e0de4cbc9617043cd29ab162-3039891e-HF1kD5.receipt", [[348, 0], [634, 0], [921, 0], [1206, 0], [1490, 0], [1777, 0], [1913, 0], [2121, 0], [2480, 0], [2740, 0], [2882, 0], [3006, 0], [3021, 0], [3035, 0], [2434, 1], [2540, 2]]]
["receipts-5/1494528386-2909cfbcfbeb42d1b5a1256eab0e38f5-eb483fe4-a5Bzb0.receipt", [[154, 0], [160, 0], [525, 0], [574, 0], [812, 0], [1007, 0], [1057, 0], [1099, 0], [1134, 0], [720, 1], [909, 2]]]
["receipts-5/1494528427-5606e5d122de45a68706331aed4c1e3b-4abaa151-ISQpUx.receipt", [[598, 0], [942, 0], [1028, 0], [1114, 0], [1286, 0], [1448, 0], [1242, 1], [1356, 2]]]
["receipts-5/1494528528-2a54cdd42aae441faade22b8f9447f1c-e232e2c2-ss1EWy.receipt", [[555, 0], [641, 0], [770, 0], [899, 0], [856, 1], [1061, 2]]]
["receipts-5/1494528665-8db0088b9bf3484688b1c4c1fa1aaadd-f9202d75-rYYa8j.receipt", [[403, 0], [687, 0], [969, 0], [1250, 0], [1612, 0], [1780, 0], [1922, 0], [2046, 0], [2061, 0], [2075, 0], [1566, 1], [1672, 2]]]
["receipts-5/1494528726-2909cfbcfbeb42d1b5a1256eab0e38f5-23dd1721-6Nvh4m.receipt", [[154, 0], [160, 0], [525, 0], [574, 0], [623, 0], [672, 0], [721, 0], [959, 0], [1154, 0], [1203, 0], [1246, 0], [1281, 0], [867, 1], [1056, 2]]]
["receipts-5/1494528814-cd959760dc9e415a85578056766835f5-af5fe951-zFzgZk.receipt", [[405, 0], [764, 0], [932, 0], [1101, 0], [1225, 0], [1240, 0], [1253, 0], [719, 1], [824, 2]]]
["receipts-5/1494529178-a27d8e60e4d94302a7743c7c533ef120-4a44a878-6Pl2F_.receipt", [[606, 0], [649, 0], [778, 0], [941, 0], [735, 1], [849, 2]]]
["receipts-5/1494529304-22d5b0ee83484cf384751e122a7b6fab-118eb9fa-U6fp45.receipt", [[437, 0], [609, 0], [652, 0], [695, 0], [824, 0], [986, 0], [780, 1], [894, 2]]]
["receipts-5/1494529388-b1431ee3676046a08342e8d33292bd2c-a17b9cf4-cLW8TJ.receipt", [[402, 0], [684, 0], [1044, 0], [1212, 0], [1381, 0], [1504, 0], [1520, 0], [1533, 0], [999, 1], [1104, 2]]]
["receipts-5/1494529481-ce0b9c8a9d0047fea91ad685e252e4d9-c3af4994-aor-7A.receipt", [[380, 0], [741, 0], [909, 0], [1051, 0], [1175, 0], [1190, 0], [1203, 0], [696, 1], [801, 2]]]
["receipts-5/1494529532-b3ee6917fef64171a679a401edf41bef-c1332951-es97E5.receipt", [[377, 0], [660, 0], [1021, 0], [1189, 0], [1331, 0], [1456, 0], [1470, 0], [1484, 0], [975, 1], [1081, 2]]]
["receipts-5/1494529591-82fdb3f9e0de4cbc9617043cd29ab162-4379feee-vlpxqF.receipt", [[348, 0], [635, 0], [920, 0], [1205, 0], [1490, 0], [1775, 0], [1911, 0], [2197, 0], [2457, 0], [2505, 0], [2551, 0], [2674, 0], [2689, 0], [2703, 0], [2151, 1], [2257, 2]]]
["receipts-5/1494529613-b0840b5590544b4a884ece313b94678b-6171253a-oCRsqK.receipt", [[378, 0], [661, 0], [944, 0], [1227, 0], [1509, 0], [1794, 0], [2155, 0], [2323, 0], [2371, 0], [2416, 0], [2541, 0], [2555, 0], [2569, 0], [2109, 1], [2215, 2]]]
["receipts-5/1494529844-4b88c3830fd84ba2b9cb114dac8b9ef3-4fc7e861-VdTV5i.receipt", [[559, 0], [989, 0], [1152, 0], [946, 1], [1060, 2]]]
["receipts-5/1494530053-ab08c8180c45410bb9cdd27e564141df-d3798175-iHKiuk.receipt", [[602, 0], [688, 0], [1032, 0], [1195, 0], [989, 1], [1103, 2]]]
["receipts-5/1494530382-5d923c7ff0e94a3aadd4acf3269e6d55-ad8f42a5-vUhl5K.receipt", [[400, 0], [759, 0], [927, 0], [975, 0], [1020, 0], [1144, 0], [1159, 0], [1172, 0], [714, 1], [819, 2]]]
["receipts-5/1494530674-b067e1cdba614fae8418c5b669866699-e32af6b4-omERD3.receipt", [[399, 0], [448, 0], [638, 0], [681, 0], [876, 0], [926, 0], [968, 0], [1003, 0], [546, 1], [778, 2]]]
["receipts-5/1494530771-c973dce8c4254a0baa2f0079673a2b93-fcf417e3-MUGmQS.receipt", [[402, 0], [684, 0], [1044, 0], [1212, 0], [1354, 0], [1478, 0], [1493, 0], [1507, 0], [998, 1], [1104, 2]]]
["receipts-5/1494530817-b6e18c5b33934704bc0efd971def386f-8d0be8f5-YF_E2t.receipt", [[375, 0], [550, 0], [678, 0], [761, 0], [508, 1], [466, 1], [630, 2]]]
["receipts-5/1494531029-ba6e5164b9104bbda5e9dd7e4737b931-f8e2f738-XQIyT5.receipt", [[395, 0], [585, 0], [670, 0], [865, 0], [900, 0], [493, 1], [767, 2]]]
["receipts-5/1494531034-039cea3e6228445aad9d25f720d37bd8-62d06d5d-VlCz73.receipt", [[555, 0], [856, 0], [1019, 0], [1090, 0], [813, 1], [927, 2]]]
["receipts-5/1494531109-b0840b5590544b4a884ece313b94678b-521cce94-Wepadw.receipt", [[378, 0], [660, 0], [1023, 0], [1191, 0], [1360, 0], [1485, 0], [1499, 0], [1513, 0], [977, 1], [1083, 2]]]
["receipts-5/1494531168-234c47f918d14dceb3b3a27758ba97f1-cfdbeed-LqkgYj.receipt", [[379, 0], [661, 0], [1021, 0], [1189, 0], [1237, 0], [1361, 0], [1376, 0], [1390, 0], [975, 1], [1081, 2]]]
["receipts-5/1494531268-2ee70bbadb5744169e0c016c85f034fe-21341711-A7gdzM.receipt", [[598, 0], [813, 0], [941, 0], [1114, 0], [1277, 0], [1071, 1], [1185, 2]]]
["receipts-5/1494531475-2909cfbcfbeb42d1b5a1256eab0e38f5-df63420e-EKGIcF.receipt", [[154, 0], [160, 0], [525, 0], [623, 0], [714, 0], [811, 0], [959, 0], [1036, 0], [909, 1], [1001, 2]]]
["receipts-5/1494531531-948f3f4de8c04570af67d22face2f2e5-2dfef899-j8fK5W.receipt", [[403, 0], [687, 0], [970, 0], [1255, 0], [1619, 0], [1787, 0], [1956, 0], [2081, 0], [2095, 0], [2109, 0], [1573, 1], [1679, 2]]]
["receipts-5/1494531571-98ceb2181eaa4c61a3aa2b28d05b25b1-c096a18b-2G6Bwz.receipt", [[602, 0], [946, 0], [1109, 0], [903, 1], [1017, 2]]]
["receipts-5/1494532213-f4981baa03b74d47a5a99c88d2a21179-5b961fb-HmfO8b.receipt", [[406, 0], [689, 0], [972, 0], [1255, 0], [1617, 0], [1785, 0], [1833, 0], [1879, 0], [2002, 0], [2017, 0], [2031, 0], [1571, 1], [1677, 2]]]
["receipts-5/1494532898-8fcf3d38daf74dc6a1f85971762bc206-5e4b24da-wSlCgj.receipt", [[376, 0], [658, 0], [1021, 0], [1188, 0], [1236, 0], [1281, 0], [1406, 0], [1420, 0], [1434, 0], [975, 1], [1080, 2]]]
["receipts-5/1494533064-5b9047d0e77a4c6eb8046504e47c824c-e6943851-9by7gL.receipt", [[598, 0], [684, 0], [942, 0], [1105, 0], [899, 1], [1013, 2]]]
