["receipts-2/1494460279-ebb5466b9df0457b8b3c02326a6b6362-ab53d907-PaxC_f.receipt", [[464, 0], [473, 0], [506, 0], [515, 0], [642, 0], [758, 0], [600, 1], [715, 2]]]
["receipts-2/1494460859-bf499efd463a4b7682218878ee39059b-24b39231-y-1sMm.receipt", [[460, 0], [469, 0], [502, 0], [511, 0], [544, 0], [553, 0], [586, 0], [595, 0], [722, 0], [838, 0], [679, 1], [795, 2]]]
["receipts-2/1494461267-3b5b0a9ed52f4adda54215943301a3ef-7e8a907e-9iNMwc.receipt", [[456, 0], [465, 0], [498, 0], [507, 0], [540, 0], [549, 0], [582, 0], [591, 0], [624, 0], [633, 0], [666, 0], [675, 0], [802, 0], [911, 0], [948, 0], [1024, 0], [759, 1], [875, 2]]]
["receipts-2/1494461439-36b9e906be1542e89ef8ffffd8eb9267-9189e20a-Eh2FJG.receipt", [[443, 0], [452, 0], [485, 0], [494, 0], [527, 0], [535, 0], [663, 0], [772, 0], [809, 0], [885, 0], [620, 1], [736, 2]]]
["receipts-2/1494462038-062dca3fb46f47a8808b19b5b1aa60c7-e31d6647-uMjUug.receipt", [[550, 0], [559, 0], [592, 0], [601, 0], [634, 0], [643, 0], [676, 0], [685, 0], [718, 0], [727, 0], [854, 0], [963, 0], [1000, 0], [1076, 0], [811, 1], [927, 2]]]
["receipts-2/1494462126-44938ec7f1184f7892152f5c2c3f1eb2-1566b79d-rXZyUV.receipt", [[602, 0], [774, 0], [937, 0], [731, 1], [845, 2]]]
["receipts-2/1494462218-88c6373f20f6474fb4249f4dbc42698c-760ea516-rexv9j.receipt", [[516, 0], [525, 0], [607, 0], [616, 0], [792, 0], [901, 0], [937, 0], [750, 1], [866, 2]]]
["receipts-2/1494462303-ba992b143a474b9b94ec748e7c011cdf-20437e8e-qz2ZZw.receipt", [[563, 0], [864, 0], [1027, 0], [1098, 0], [821, 1], [935, 2]]]
["receipts-2/1494462323-e72608fb4b2b458caea9eda38c24dcb1-9c78ec4-5rADBY.receipt", [[357, 0], [406, 0], [454, 0], [504, 0], [651, 0], [831, 0], [1060, 0], [1109, 0], [1158, 0], [601, 1], [748, 2]]]
["receipts-2/1494462354-b52323869eb744ad884ba7282ce5a1b9-9192472a-8vksc8.receipt", [[606, 0], [735, 0], [897, 0], [968, 0], [692, 1], [806, 2]]]
["receipts-2/1494462416-b98ab1acf4684b79a1073f16c95cafcc-598a2604-WmcJ7R.receipt", [[563, 0], [778, 0], [993, 0], [1337, 0], [1499, 0], [1571, 0], [1293, 1], [1407, 2]]]
["receipts-2/1494462448-8aaaeccd28ee4ff7abdd1725cd31c8bc-30eb6d0a-upiV19.receipt", [[519, 0], [528, 0], [561, 0], [570, 0], [603, 0], [612, 0], [739, 0], [848, 0], [885, 0], [696, 1], [812, 2]]]
["receipts-2/1494462452-4a2ae79e42204b109fb2a5dc2fa33a65-d26a7827-oUIq9-.receipt", [[513, 0], [522, 0], [555, 0], [564, 0], [691, 0], [800, 0], [837, 0], [913, 0], [648, 1], [764, 2]]]
["receipts-2/1494462513-c037d895371a46dd9c5e49a249dc1457-2b56e1c1--Yyk98.receipt", [[379, 0], [663, 0], [949, 0], [1236, 0], [1595, 0], [1655, 0], [1763, 0], [2056, 0], [2071, 0], [2085, 0], [1549, 1], [1932, 2]]]
["receipts-2/1494462593-10eed29632af4c1a9b3f9db051944fbd-6244d21a-kX7_eg.receipt", [[459, 0], [530, 0], [572, 0], [658, 0], [797, 0], [880, 0], [616, 1], [747, 2]]]
["receipts-2/1494462724-d455162a19584fc2a2fae8d4e5b57d2f-c4c0f0a7-Qtpg0U.receipt", [[251, 0], [257, 0], [360, 0], [402, 0], [284, 1], [339, 2]]]
["receipts-2/1494462794-12780683803e4741b201708c0d154eb4-bde7d109-QGVtlW.receipt", [[606, 0], [649, 0], [735, 0], [864, 0], [1026, 0], [1097, 0], [821, 1], [935, 2]]]
["receipts-2/1494462894-452ca24d168f41c49fba52f1ab98c045-55a1bdb6-_zZzo6.receipt", [[415, 0], [424, 0], [458, 0], [467, 0], [500, 0], [509, 0], [542, 0], [551, 0], [678, 0], [794, 0], [635, 1], [751, 2]]]
["receipts-2/1494462919-d2d414d47893452584ef12006a1bd986-ca03f56b-D2jNlc.receipt", [[217, 0], [259, 0], [302, 0], [387, 0], [517, 0], [560, 0], [645, 0], [689, 0], [473, 1], [602, 2]]]
["receipts-2/1494462920-f131ec4b0d934b3f98599a760c643210-72b1b8ee-L6qnl0.receipt", [[241, 0], [248, 0], [274, 0], [281, 0], [307, 0], [314, 0], [354, 0], [361, 0], [393, 0], [400, 0], [426, 0], [433, 0], [454, 0], [461, 0], [489, 0], [496, 0], [529, 0], [537, 0], [614, 0], [653, 0], [585, 1], [619, 2]]]
["receipts-2/1494462996-bf2897b411574ee3803f8a76e8e8b60c-3094bee9-VlKMro.receipt", [[394, 0], [480, 0], [620, 0], [703, 0], [438, 1], [569, 2]]]
["receipts-2/1494463032-234c47f918d14dceb3b3a27758ba97f1-c7dfb270-dkasYG.receipt", [[378, 0], [661, 0], [944, 0], [1228, 0], [1509, 0], [1793, 0], [2153, 0], [2213, 0], [2321, 0], [2587, 0], [2602, 0], [2616, 0], [2107, 1], [2463, 2]]]
["receipts-2/1494463196-b0fb91805717449494feb7a1f7040472-3f95de30-C8y33b.receipt", [[403, 0], [686, 0], [1045, 0], [1105, 0], [1213, 0], [1507, 0], [1521, 0], [1535, 0], [999, 1], [1382, 2]]]
["receipts-2/1494463288-155e129e5ee44b3b97de66b3df2d38a9-8edc6ab9-OeMRbr.receipt", [[376, 0], [662, 0], [1027, 0], [1087, 0], [1195, 0], [1461, 0], [1476, 0], [1490, 0], [981, 1], [1337, 2]]]
["receipts-2/1494463309-b0fb91805717449494feb7a1f7040472-9f3872cd-dv6MdJ.receipt", [[404, 0], [685, 0], [965, 0], [1248, 0], [1529, 0], [1888, 0], [1948, 0], [2056, 0], [2350, 0], [2364, 0], [2378, 0], [1842, 1], [2225, 2]]]
["receipts-2/1494463441-e424c92177af40b89649277d4b23407c-463e3dbb-yf2Jic.receipt", [[400, 0], [681, 0], [1040, 0], [1100, 0], [1207, 0], [1301, 0], [1425, 0], [1440, 0], [1453, 0], [995, 1], [1255, 2]]]
["receipts-2/1494463546-734a4107e2a142a0ae029c2938c92f28-339d020-le6o5W.receipt", [[563, 0], [692, 0], [855, 0], [926, 0], [649, 1], [763, 2]]]
["receipts-2/1494463566-a3600d106e254a9c97950550eba6bc9f-265cb0fd-xJ8yR9.receipt", [[403, 0], [688, 0], [1051, 0], [1110, 0], [1218, 0], [1510, 0], [1526, 0], [1539, 0], [1006, 1], [1387, 2]]]
["receipts-2/1494463755-a3600d106e254a9c97950550eba6bc9f-b6f93cd-psYIaQ.receipt", [[403, 0], [688, 0], [972, 0], [1337, 0], [1397, 0], [1505, 0], [1798, 0], [1813, 0], [1827, 0], [1291, 1], [1674, 2]]]
["receipts-2/1494463810-ce0b9c8a9d0047fea91ad685e252e4d9-9a84302e-SmhsHi.receipt", [[379, 0], [662, 0], [1023, 0], [1083, 0], [1191, 0], [1485, 0], [1499, 0], [1513, 0], [977, 1], [1360, 2]]]
["receipts-2/1494463858-2b6678f0f676499e811286bef79e789c-d2822f85-84MerU.receipt", [[381, 0], [742, 0], [909, 0], [957, 0], [1003, 0], [1127, 0], [1142, 0], [1155, 0], [697, 1], [802, 2]]]
["receipts-2/1494463887-2589d7fac465407bb5c56d59c8d9913b-62ae2a4-oLsOMU.receipt", [[606, 0], [649, 0], [778, 0], [940, 0], [1012, 0], [735, 1], [849, 2]]]
["receipts-2/1494463912-b5c244f9cf7d460796b12689a1c60844-95162dcb--3Zwwc.receipt", [[485, 0], [535, 0], [584, 0], [633, 0], [682, 0], [829, 0], [1024, 0], [1531, 0], [779, 1], [926, 2]]]
["receipts-2/1494464023-2bd3e4dd55b54d47be8193380d9bdcf7-71a49cfb-j4LQYl.receipt", [[396, 0], [445, 0], [494, 0], [542, 0], [592, 0], [641, 0], [830, 0], [873, 0], [958, 0], [1138, 0], [738, 1], [1055, 2]]]
["receipts-2/1494464046-527fae61a6354e04b9898859589f33dd-e687c6f5-JR5068.receipt", [[377, 0], [459, 0], [516, 0], [600, 0], [557, 1], [688, 2]]]
["receipts-2/1494464079-a4b1da13e12349bf919cb35facc45335-38ef5dd4-NnosH6.receipt", [[398, 0], [441, 0], [482, 0], [525, 0], [567, 0], [608, 0], [651, 0], [737, 0], [779, 0], [694, 1], [861, 2]]]
["receipts-2/1494464116-2955ce57e69648c185a4b7189b5a0ed6-23d6817f-IKOVsR.receipt", [[598, 0], [727, 0], [813, 0], [899, 0], [1028, 0], [1190, 0], [984, 1], [1098, 2]]]
["receipts-2/1494464181-3d007ad238594bb3969a25f90cd13d53-57d67dbb-SWvLtP.receipt", [[347, 0], [632, 0], [916, 0], [1203, 0], [1488, 0], [1847, 0], [2015, 0], [2063, 0], [2109, 0], [2232, 0], [2247, 0], [2261, 0], [1801, 1], [1907, 2]]]
["receipts-2/1494464184-e2e91e3c3dd74bbab81c20250c5f14ea-c2cba79b-SdHs6O.receipt", [[407, 0], [509, 0], [475, 1], [639, 2]]]
["receipts-2/1494464222-79450218764b46078eb9e6960bbfd332-28c70f0b-EhLVeq.receipt", [[401, 0], [684, 0], [966, 0], [1329, 0], [1497, 0], [1666, 0], [1791, 0], [1805, 0], [1819, 0], [1283, 1], [1389, 2]]]
["receipts-2/1494464268-039cea3e6228445aad9d25f720d37bd8-48da278c-dQ_wnz.receipt", [[555, 0], [684, 0], [847, 0], [918, 0], [641, 1], [755, 2]]]
["receipts-2/1494464359-3abcaf7904a746919237c3eb88c827f9-d0e39ac1-84s82Y.receipt", [[448, 0], [457, 0], [490, 0], [499, 0], [532, 0], [541, 0], [574, 0], [583, 0], [616, 0], [625, 0], [658, 0], [667, 0], [700, 0], [709, 0], [742, 0], [751, 0], [878, 0], [987, 0], [1024, 0], [1100, 0], [835, 1], [951, 2]]]
["receipts-2/1494464533-ac2d54f4dc85456ba2b8e05aadd05095-f498f427-plzCLC.receipt", [[379, 0], [665, 0], [1030, 0], [1198, 0], [1367, 0], [1491, 0], [1506, 0], [1520, 0], [984, 1], [1090, 2]]]
["receipts-2/1494464555-42df863804824423b8ee9a4e17e2c7b8-a00c3577-dINgA_.receipt", [[438, 0], [447, 0], [480, 0], [489, 0], [571, 0], [580, 0], [756, 0], [866, 0], [902, 0], [978, 0], [714, 1], [830, 2]]]
["receipts-2/1494464565-a19c34e24dda4179853518a348574132-403dab5a-Lam4s2.receipt", [[377, 0], [659, 0], [943, 0], [1228, 0], [1511, 0], [1794, 0], [2077, 0], [2360, 0], [2643, 0], [2926, 0], [3208, 0], [3493, 0], [3776, 0], [4059, 0], [4342, 0], [4625, 0], [4908, 0], [5190, 0], [5475, 0], [5758, 0], [6041, 0], [6324, 0], [6607, 0], [6890, 0], [7173, 0], [7456, 0], [7739, 0], [8022, 0], [8305, 0], [8588, 0], [8871, 0], [9154, 0], [9437, 0], [9720, 0], [10003, 0], [10285, 0], [10570, 0], [10706, 0], [10989, 0], [11250, 0], [11419, 0], [11545, 0], [11558, 0], [11572, 0], [10943, 1], [11050, 2]]]
["receipts-2/1494464581-2c800af749b24497a006a2bc15b00dfa-dad61c8a-GJwiwo.receipt", [[458, 0], [466, 0], [500, 0], [509, 0], [542, 0], [551, 0], [584, 0], [593, 0], [626, 0], [635, 0], [668, 0], [677, 0], [853, 0], [969, 0], [810, 1], [926, 2]]]
["receipts-2/1494464648-60e34fd8c026485895488f20ee0e8eef-c809d876-F5276Z.receipt", [[482, 0], [531, 0], [580, 0], [629, 0], [776, 0], [971, 0], [1006, 0], [726, 1], [873, 2]]]
["receipts-2/1494464803-15bf88dd10794cc2bb28fd9b05a58dcb-70a88029-74MyQA.receipt", [[421, 0], [463, 0], [505, 0], [547, 0], [589, 0], [634, 0], [720, 0], [762, 0], [677, 1], [844, 2]]]
["receipts-2/1494464827-240dad5e48dc4c488fc0c46270ec06f9-7edc1850-uQWgSg.receipt", [[446, 0], [455, 0], [488, 0], [497, 0], [624, 0], [733, 0], [770, 0], [582, 1], [697, 2]]]
["receipts-2/1494464853-e1c98e66c578411fb3bdbd316f63d17a-c68f870a-DBv4ss.receipt", [[516, 0], [525, 0], [558, 0], [566, 0], [600, 0], [609, 0], [736, 0], [845, 0], [882, 0], [958, 0], [693, 1], [809, 2]]]
["receipts-2/1494464885-6336bff8753b498386f50f64f57d0410-f5a4a3dc-xNF4GG.receipt", [[512, 0], [641, 0], [804, 0], [598, 1], [712, 2]]]
["receipts-2/1494464952-3b718054a6d94d2e95d28722cd676d5d-ad8be12a-LJa00c.receipt", [[409, 0], [693, 0], [977, 0], [1261, 0], [1545, 0], [1829, 0], [2191, 0], [2358, 0], [2527, 0], [2652, 0], [2666, 0], [2680, 0], [2145, 1], [2250, 2]]]
["receipts-2/1494464961-14de7f2d86c445e0a84c16f400ed84e2-14eab9c3-ns9qvL.receipt", [[380, 0], [743, 0], [911, 0], [959, 0], [1005, 0], [1129, 0], [1143, 0], [1157, 0], [697, 1], [803, 2]]]
["receipts-2/1494464988-064c8350c296453baa27d3b131d51531-821bdaf8-DmK39h.receipt", [[481, 0], [530, 0], [579, 0], [628, 0], [677, 0], [725, 0], [775, 0], [823, 0], [921, 0], [1069, 0], [1263, 0], [1298, 0], [1019, 1], [1166, 2]]]
["receipts-2/1494465118-02d8a600b5cd44b7865560cd5fe8cb12-7074f5f0-1qNvY1.receipt", [[356, 0], [405, 0], [454, 0], [644, 0], [687, 0], [867, 0], [552, 1], [784, 2]]]
["receipts-2/1494465209-10eed29632af4c1a9b3f9db051944fbd-fdc88374-U_XXoh.receipt", [[697, 0], [756, 0], [815, 0], [859, 0], [945, 0], [1084, 0], [1209, 0], [902, 1], [1033, 2]]]
["receipts-2/1494465326-fa3ddaebe2ed4f24b089b9ea49caadff-27321172-Ta2gKL.receipt", [[542, 0], [774, 0], [1038, 0], [1084, 0], [1145, 0], [1253, 0], [1301, 0], [1427, 0], [1440, 0], [1454, 0], [2473, 0], [2705, 0], [3015, 0], [3184, 0], [3232, 0], [3358, 0], [3371, 0], [3385, 0], [2969, 1], [3076, 2]]]
["receipts-2/1494465372-0501d41ec822434e93c6bd69914b35b4-f7006867-G40kKj.receipt", [[372, 0], [414, 0], [455, 0], [498, 0], [553, 0], [595, 0], [681, 0], [807, 0], [889, 0], [638, 1], [764, 2]]]
["receipts-2/1494465395-a3600d106e254a9c97950550eba6bc9f-280ca6b8-EyIStj.receipt", [[403, 0], [687, 0], [973, 0], [1260, 0], [1619, 0], [1787, 0], [1835, 0], [1881, 0], [2004, 0], [2019, 0], [2033, 0], [1573, 1], [1679, 2]]]
["receipts-2/1494465503-cb095042024a49f096466043607d13a7-59845fc7-sQM7E3.receipt", [[486, 0], [534, 0], [584, 0], [633, 0], [780, 0], [975, 0], [1482, 0], [1710, 0], [1759, 0], [1808, 0], [730, 1], [877, 2]]]
["receipts-2/1494465661-17517f9776754553a3873d8c39bbeaf7-c2a98ca2-bwS_qX.receipt", [[492, 0], [501, 0], [583, 0], [592, 0], [674, 0], [683, 0], [859, 0], [968, 0], [1005, 0], [817, 1], [933, 2]]]
["receipts-2/1494465688-b067e1cdba614fae8418c5b669866699-7641cea7-SBj2Sw.receipt", [[356, 0], [405, 0], [644, 0], [687, 0], [867, 0], [552, 1], [784, 2]]]
["receipts-2/1494465724-60856348a2544273a2099774fddf2034-4969427a--Fx0NE.receipt", [[407, 0], [690, 0], [1049, 0], [1216, 0], [1385, 0], [1510, 0], [1524, 0], [1538, 0], [1003, 1], [1108, 2]]]
["receipts-2/1494465795-2955ce57e69648c185a4b7189b5a0ed6-da4e77db-VwVgsj.receipt", [[598, 0], [683, 0], [770, 1], [841, 2]]]
["receipts-2/1494465797-b0fb91805717449494feb7a1f7040472-cce782e4-9k7UyU.receipt", [[404, 0], [684, 0], [966, 0], [1249, 0], [1530, 0], [1811, 0], [2092, 0], [2373, 0], [2732, 0], [2899, 0], [2947, 0], [2993, 0], [3118, 0], [3132, 0], [3146, 0], [2686, 1], [2792, 2]]]
["receipts-2/1494465814-f583676fd6864c7987643f91edbac805-e0ebe91-MUhhv2.receipt", [[383, 0], [667, 0], [951, 0], [1236, 0], [1519, 0], [1655, 0], [1939, 0], [2199, 0], [2341, 0], [2466, 0], [2480, 0], [2494, 0], [1893, 1], [1999, 2]]]
["receipts-2/1494465826-e42fcbbce9f94c25b3a7b62e146b2bb4-65198a81-F-jnB8.receipt", [[401, 0], [684, 0], [967, 0], [1249, 0], [1534, 0], [1895, 0], [2062, 0], [2110, 0], [2156, 0], [2281, 0], [2295, 0], [2309, 0], [1849, 1], [1955, 2]]]
["receipts-2/1494466161-55ed03a2736347a696314103ae520b7f-5bfbb146-_nEd-Z.receipt", [[401, 0], [681, 0], [964, 0], [1323, 0], [1491, 0], [1539, 0], [1585, 0], [1709, 0], [1723, 0], [1737, 0], [1277, 1], [1383, 2]]]
["receipts-2/1494466177-ecd7c82ceeb246e68462bd36a67b6405-d5f4dcee-v5Pdf2.receipt", [[559, 0], [860, 0], [1023, 0], [817, 1], [931, 2]]]
["receipts-2/1494466409-f6afbdaede5c4b35b51bf880afc7edb3-5757e99e-Q5B0qT.receipt", [[154, 0], [160, 0], [525, 0], [573, 0], [623, 0], [671, 0], [720, 0], [770, 0], [818, 0], [1008, 0], [1051, 0], [1246, 0], [1281, 0], [916, 1], [1148, 2]]]
["receipts-2/1494466435-f3df3069de784921ac364e6bf8816950-85c456f8-5n4hSW.receipt", [[606, 0], [735, 0], [898, 0], [692, 1], [806, 2]]]
["receipts-2/1494466470-9a38e08314904677aec9936dd74a3dc6-af919144-SG6XF3.receipt", [[531, 0], [579, 0], [818, 0], [1013, 0], [1063, 0], [1105, 0], [1140, 0], [726, 1], [915, 2]]]
["receipts-2/1494466719-fea3e767d2994187b36f9cdd5a2978cf-71f50ad4-f9QX3y.receipt", [[405, 0], [686, 0], [967, 0], [1248, 0], [1528, 0], [1810, 0], [2093, 0], [2374, 0], [2655, 0], [2935, 0], [3218, 0], [3499, 0], [3779, 0], [4062, 0], [4342, 0], [4625, 0], [5022, 0], [5254, 0], [5567, 0], [5735, 0], [5877, 0], [6003, 0], [6016, 0], [6031, 0], [5520, 1], [5627, 2]]]
["receipts-2/1494466766-065ea01f05454a55828f3a8e7b2bbde8-f9d987f6-MuFVyI.receipt", [[443, 0], [492, 0], [639, 0], [819, 0], [589, 1], [736, 2]]]
["receipts-2/1494467087-59002e3fbc5241a48afd337d82adb05b-7054313f-32eCpz.receipt", [[403, 0], [683, 0], [966, 0], [1246, 0], [1528, 0], [1811, 0], [2092, 0], [2372, 0], [2733, 0], [2901, 0], [3043, 0], [3168, 0], [3182, 0], [3196, 0], [2687, 1], [2793, 2]]]
["receipts-2/1494467088-ba6e5164b9104bbda5e9dd7e4737b931-8353e2fa-RvN_ZL.receipt", [[395, 0], [585, 0], [670, 0], [865, 0], [900, 0], [493, 1], [767, 2]]]
["receipts-2/1494467131-b9f285f0c8514753b2e399d4f1ef20b8-cc38d089-qef-L4.receipt", [[402, 0], [689, 0], [974, 0], [1258, 0], [1544, 0], [1831, 0], [2116, 0], [2397, 0], [2681, 0], [2967, 0], [3331, 0], [3500, 0], [3669, 0], [3794, 0], [3808, 0], [3822, 0], [3285, 1], [3392, 2]]]
["receipts-2/1494467134-722b82246a5f489fbe936f09d6eeccad-8192cf4f-OBIgpB.receipt", [[434, 0], [495, 0], [571, 0], [620, 0], [706, 0], [748, 0], [887, 0], [1012, 0], [663, 1], [836, 2]]]
["receipts-2/1494467145-e895d121dc4d4cb59de3ea2c7d818d3c-7d1e64f9-ZjBehr.receipt", [[410, 0], [540, 0], [784, 0], [914, 0], [1157, 0], [1288, 0], [1533, 0], [1663, 0], [1907, 0], [2037, 0], [2280, 0], [2411, 0], [2656, 0], [2786, 0], [3030, 0], [3160, 0], [3404, 0], [3534, 0], [3778, 0], [3914, 0], [3967, 0], [4289, 0], [4550, 0], [4692, 0], [4816, 0], [4831, 0], [4845, 0], [4243, 1], [4349, 2]]]
["receipts-2/1494467183-a390b7d7f1ac4b59bf4a865de7c46789-56496d18-DsiYNv.receipt", [[379, 0], [660, 0], [941, 0], [1222, 0], [1503, 0], [1784, 0], [2143, 0], [2311, 0], [2480, 0], [2605, 0], [2619, 0], [2633, 0], [2097, 1], [2203, 2]]]
["receipts-2/1494467296-55ed03a2736347a696314103ae520b7f-220dcd62-HOZOxl.receipt", [[537, 0], [802, 0], [848, 0], [909, 0], [1017, 0], [1065, 0], [1192, 0], [1204, 0], [1218, 0], [2315, 0], [2626, 0], [2795, 0], [2843, 0], [2970, 0], [2982, 0], [2996, 0], [2580, 1], [2687, 2]]]
["receipts-2/1494467381-9a38e08314904677aec9936dd74a3dc6-61a92ec9-Z4dQne.receipt", [[531, 0], [579, 0], [628, 0], [818, 0], [1013, 0], [1063, 0], [1105, 0], [1140, 0], [726, 1], [915, 2]]]
["receipts-2/1494467416-e6daed9ca3464d5eb09c2e4b63b042d3-62040918-3Eo090.receipt", [[154, 0], [160, 0], [482, 0], [531, 0], [720, 0], [900, 0], [628, 1], [817, 2]]]
["receipts-2/1494467476-167c2a9334f84549a9bf84c90399d8ea-12f1bede-tcxWsV.receipt", [[553, 0], [639, 0], [854, 0], [1016, 0], [1060, 0], [1102, 0], [1231, 0], [810, 1], [924, 2]]]
["receipts-2/1494467539-cc8b822eb3df409986e8e7680021d040-1176690f-n2B0MB.receipt", [[379, 0], [421, 0], [463, 0], [505, 0], [546, 0], [589, 0], [631, 0], [673, 0], [715, 0], [801, 0], [758, 1], [880, 2]]]
["receipts-2/1494467691-a390b7d7f1ac4b59bf4a865de7c46789-a4f7c1d4-XYDEc_.receipt", [[379, 0], [659, 0], [1020, 0], [1188, 0], [1330, 0], [1455, 0], [1469, 0], [1483, 0], [974, 1], [1080, 2]]]
["receipts-2/1494467704-ca960d94aef540f286a30eb006c5cc36-e060d994-lv8qg2.receipt", [[406, 0], [687, 0], [970, 0], [1254, 0], [1536, 0], [1817, 0], [2101, 0], [2383, 0], [2664, 0], [2948, 0], [3230, 0], [3512, 0], [3794, 0], [3930, 0], [4212, 0], [4473, 0], [4642, 0], [4767, 0], [4781, 0], [4795, 0], [4166, 1], [4273, 2]]]
["receipts-2/1494467724-4fa1b1b5b0924d5f9511f4af7cbcebc9-cd2d50ac-KZpt2d.receipt", [[402, 0], [684, 0], [966, 0], [1249, 0], [1530, 0], [1811, 0], [2092, 0], [2228, 0], [2510, 0], [2770, 0], [2939, 0], [3064, 0], [3078, 0], [3092, 0], [2464, 1], [2570, 2]]]
["receipts-2/1494467846-59002e3fbc5241a48afd337d82adb05b-78b47d79-SP7aCI.receipt", [[402, 0], [685, 0], [966, 0], [1246, 0], [1607, 0], [1773, 0], [1821, 0], [1867, 0], [1992, 0], [2006, 0], [2020, 0], [1561, 1], [1666, 2]]]
["receipts-2/1494467890-5fe1220189e14ffcb347664b8cefaf09-db7b7fb-2ysvt5.receipt", [[421, 0], [485, 0], [598, 0], [727, 0], [849, 0], [556, 1], [678, 2]]]
["receipts-2/1494467904-065ea01f05454a55828f3a8e7b2bbde8-79fd7b86-_x-8Gn.receipt", [[486, 0], [535, 0], [584, 0], [632, 0], [828, 0], [877, 0], [927, 0], [1121, 0], [1156, 0], [779, 1], [1024, 2]]]
["receipts-2/1494467926-4f72d21ee3594b8aa4bddf111ac87096-1c47a295-3WacOH.receipt", [[429, 0], [472, 0], [514, 0], [556, 0], [598, 0], [726, 0], [865, 0], [990, 0], [684, 1], [641, 1], [814, 2]]]
["receipts-2/1494468122-60856348a2544273a2099774fddf2034-690ba673-Vx6s16.receipt", [[407, 0], [690, 0], [970, 0], [1252, 0], [1613, 0], [1781, 0], [1950, 0], [2075, 0], [2089, 0], [2103, 0], [1567, 1], [1673, 2]]]
["receipts-2/1494468181-83b520625d9a419b93c626f3d9a4d637-466b5a2b-PPTBxH.receipt", [[216, 0], [222, 0], [262, 0], [268, 0], [312, 0], [318, 0], [365, 0], [371, 0], [425, 0], [518, 0], [561, 0], [417, 1], [496, 2]]]
["receipts-2/1494468228-b2d8e005953d426bb61fce725c648385-43afa59b-o6jXez.receipt", [[415, 0], [523, 0], [652, 0], [776, 0], [481, 1], [603, 2]]]
["receipts-2/1494468275-60ce25b64c8445e99ea14c34c6136ef7-147bdd61-vUtX70.receipt", [[405, 0], [685, 0], [968, 0], [1327, 0], [1495, 0], [1543, 0], [1588, 0], [1713, 0], [1727, 0], [1741, 0], [1281, 1], [1387, 2]]]
["receipts-2/1494468313-55ed03a2736347a696314103ae520b7f-b492b219-z3DHBI.receipt", [[401, 0], [682, 0], [963, 0], [1243, 0], [1525, 0], [1807, 0], [2090, 0], [2226, 0], [2508, 0], [2768, 0], [2937, 0], [3062, 0], [3076, 0], [3090, 0], [2462, 1], [2568, 2]]]
["receipts-2/1494468334-60ce25b64c8445e99ea14c34c6136ef7-815ce9ae-a91CQE.receipt", [[405, 0], [685, 0], [1046, 0], [1214, 0], [1262, 0], [1308, 0], [1432, 0], [1446, 0], [1460, 0], [1000, 1], [1106, 2]]]
["receipts-2/1494468337-8187d00c412847f9a686088deb19dec1-1a17caf7-irTeBJ.receipt", [[435, 0], [722, 0], [1124, 0], [1356, 0], [1587, 0], [1853, 0], [1898, 0], [1959, 0], [2067, 0], [2211, 0], [2336, 0], [2350, 0], [2363, 0], [3358, 0], [3645, 0], [4047, 0], [4279, 0], [4510, 0], [4821, 0], [4990, 0], [5134, 0], [5259, 0], [5273, 0], [5286, 0], [4776, 1], [4882, 2]]]
["receipts-2/1494468342-636db848033c4984a93601006e6a9edc-61eba42d-yyXA32.receipt", [[433, 0], [496, 0], [567, 0], [609, 0], [698, 0], [762, 0], [823, 0], [907, 0], [1007, 0], [1049, 0], [1174, 0], [1216, 0], [1304, 0], [1355, 0], [1489, 0], [964, 1], [1131, 2]]]
["receipts-2/1494468515-224ec37afe7b4287a7109ea10af784ea-f865f7a-DTbjFC.receipt", [[438, 0], [487, 0], [536, 0], [584, 0], [683, 0], [781, 0], [927, 0], [1117, 0], [1160, 0], [1340, 0], [1025, 1], [1257, 2]]]
["receipts-2/1494468546-d8bfe18c87114ba0bcf4e42cd7657f80-f67f859c-RhMko0.receipt", [[370, 0], [656, 0], [1060, 0], [1412, 0], [1644, 0], [1909, 0], [1955, 0], [2016, 0], [2124, 0], [2172, 0], [2298, 0], [2313, 0], [2327, 0], [2342, 0], [2355, 0], [2369, 0], [3299, 0], [3585, 0], [3989, 0], [4341, 0], [4573, 0], [4884, 0], [5053, 0], [5101, 0], [5227, 0], [5242, 0], [5256, 0], [5271, 0], [5284, 0], [5298, 0], [4838, 1], [4945, 2]]]
["receipts-2/1494468663-22d5b0ee83484cf384751e122a7b6fab-8cc13fd5-riUw8z.receipt", [[437, 0], [652, 0], [814, 0], [885, 0], [609, 1], [723, 2]]]
["receipts-2/1494468717-7fc6bd1ecfe7423c88aa796b8e8968dd-dc338369-TZmAeN.receipt", [[563, 0], [606, 0], [649, 0], [1036, 0], [1198, 0], [1270, 0], [992, 1], [1106, 2]]]
["receipts-2/1494468901-c973dce8c4254a0baa2f0079673a2b93-ce329580-wRvhAS.receipt", [[401, 0], [763, 0], [931, 0], [1100, 0], [1224, 0], [1239, 0], [1253, 0], [717, 1], [823, 2]]]
["receipts-2/1494468930-c2ad6f11e15a491b93a97a8996127dc8-6f490bf2-WhtBbR.receipt", [[408, 0], [692, 0], [975, 0], [1260, 0], [1546, 0], [1908, 0], [2075, 0], [2217, 0], [2342, 0], [2356, 0], [2370, 0], [1862, 1], [1967, 2]]]
["receipts-2/1494468972-b3eaaa9143734a45a9566f0ee5a8e751-cbe74c30-78VZm-.receipt", [[393, 0], [436, 0], [566, 0], [609, 0], [522, 1], [654, 2]]]
["receipts-2/1494468980-3035d7fdc0d045e083b25732a09e128b-343deceb-P9HX-r.receipt", [[435, 0], [477, 0], [605, 0], [732, 0], [816, 0], [521, 1], [563, 1], [687, 2]]]
["receipts-2/1494469019-58d88fcf3d4b4bfca22bda7991f1a3c3-c98268f3-l6eT78.receipt", [[559, 0], [602, 0], [645, 0], [774, 0], [936, 0], [730, 1], [844, 2]]]
["receipts-2/1494469054-32071317911a48348f756a9c06c81c49-72b5879c-BeBPgP.receipt", [[423, 0], [463, 0], [480, 0], [495, 0], [404, 1], [449, 2]]]
["receipts-2/1494469516-234c47f918d14dceb3b3a27758ba97f1-b283dd0b-sZe9Hf.receipt", [[379, 0], [661, 0], [943, 0], [1303, 0], [1471, 0], [1640, 0], [1764, 0], [1779, 0], [1793, 0], [1257, 1], [1363, 2]]]
["receipts-2/1494469686-b6e18c5b33934704bc0efd971def386f-f6b645c8-35MCIC.receipt", [[417, 0], [572, 0], [701, 0], [825, 0], [530, 1], [488, 1], [652, 2]]]
["receipts-2/1494470036-4450aba76670472181264a0b271a39fe-adfd82a3-Nt-CBK.receipt", [[606, 0], [1036, 0], [1198, 0], [1269, 0], [993, 1], [1107, 2]]]
["receipts-2/1494470450-8ab81f5509e8440b9979e60c60df390d-4d96d852-hZMVoi.receipt", [[398, 0], [680, 0], [962, 0], [1323, 0], [1491, 0], [1660, 0], [1785, 0], [1799, 0], [1813, 0], [1277, 1], [1383, 2]]]
["receipts-2/1494471062-e424c92177af40b89649277d4b23407c-8263a427-4cih7j.receipt", [[400, 0], [681, 0], [1040, 0], [1208, 0], [1256, 0], [1302, 0], [1426, 0], [1440, 0], [1454, 0], [994, 1], [1100, 2]]]
["receipts-2/1494471146-5e7eb0578be74f61b34dfffa138e223e-e8a0f40b-NrC2ho.receipt", [[439, 0], [488, 0], [537, 0], [639, 0], [688, 0], [878, 0], [921, 0], [1006, 0], [1201, 0], [1236, 0], [786, 1], [1103, 2]]]
["receipts-2/1494471755-a3600d106e254a9c97950550eba6bc9f-35dc442-3rvRYP.receipt", [[402, 0], [689, 0], [1052, 0], [1220, 0], [1268, 0], [1313, 0], [1437, 0], [1452, 0], [1466, 0], [1006, 1], [1112, 2]]]
["receipts-2/1494471962-b067e1cdba614fae8418c5b669866699-cbeebaf-Cy9cMn.receipt", [[400, 0], [448, 0], [498, 0], [547, 0], [595, 0], [785, 0], [828, 0], [871, 0], [1066, 0], [1115, 0], [1158, 0], [1193, 0], [693, 1], [968, 2]]]
["receipts-2/1494472295-1a60754e8ab445ecaddd5e79eaaa4931-91afd4b7-mfH0c4.receipt", [[429, 0], [527, 0], [625, 0], [674, 0], [723, 0], [870, 0], [1065, 0], [1149, 0], [820, 1], [967, 2]]]
["receipts-2/1494472855-5606e5d122de45a68706331aed4c1e3b-651deb6f-XSArba.receipt", [[559, 0], [602, 0], [731, 0], [893, 0], [688, 1], [801, 2]]]
["receipts-2/1494472941-a81f7ccb51514f84bce80000af7a6b40-87c910d6-0aEnzd.receipt", [[375, 0], [658, 0], [942, 0], [1078, 0], [1283, 0], [1564, 0], [1847, 0], [2130, 0], [2413, 0], [2696, 0], [2979, 0], [3340, 0], [3600, 0], [3769, 0], [3894, 0], [3908, 0], [3922, 0], [3294, 1], [3400, 2]]]
["receipts-2/1494473184-74fc4a36358644918f08a792ed0ae99d-ac2192a7-bG7Vuu.receipt", [[602, 0], [989, 0], [1152, 0], [946, 1], [1060, 2]]]
["receipts-2/1494474052-a9aa3ea2b0fd489298542df0d55fe003-1af2a37e-OBL0jP.receipt", [[443, 0], [493, 0], [542, 0], [590, 0], [738, 0], [932, 0], [967, 0], [688, 1], [834, 2]]]
["receipts-2/1494474417-968ab56d5ec144bf8695d6c230d6b604-9b56a9d9-o_ro-4.receipt", [[392, 0], [519, 0], [649, 0], [720, 0], [848, 0], [988, 0], [1112, 0], [764, 1], [806, 1], [937, 2]]]
["receipts-2/1494474502-becac0d34b0b437c8e501b1eebbffce1-c63cd2a6-tyby1a.receipt", [[606, 0], [778, 0], [941, 0], [1012, 0], [735, 1], [849, 2]]]
["receipts-2/1494474698-1a60754e8ab445ecaddd5e79eaaa4931-b7adc534-DL5CGg.receipt", [[429, 0], [576, 0], [772, 0], [855, 0], [527, 1], [674, 2]]]
["receipts-2/1494475693-2917eb7fc3ed472682085f31c03010c8-747ed785-zjLGVY.receipt", [[440, 0], [489, 0], [538, 0], [685, 0], [880, 0], [915, 0], [636, 1], [782, 2]]]
["receipts-2/1494476364-32e55548b908400aa0f99cef3c7f6858-e1ae0bfb-G7mkO_.receipt", [[401, 0], [443, 0], [493, 0], [543, 0], [593, 0], [721, 0], [847, 0], [929, 0], [974, 0], [1059, 0], [678, 1], [637, 1], [804, 2]]]
["receipts-2/1494477939-3035d7fdc0d045e083b25732a09e128b-e59e22d9-dPV-_q.receipt", [[434, 0], [670, 0], [798, 0], [881, 0], [627, 1], [586, 1], [753, 2]]]
["receipts-2/1494488482-1bb0eacfa8bf4fedb57ec3c333668e11-434820f8-UVlZco.receipt", [[396, 0], [493, 0], [774, 0], [593, 1], [691, 2]]]
["receipts-2/1494507586-5cc1068a2a464be59401454a01a3991b-b54f2635-9uaHj-.receipt", [[559, 0], [602, 0], [645, 0], [774, 0], [937, 0], [731, 1], [845, 2]]]
["receipts-2/1494507906-12780683803e4741b201708c0d154eb4-3da7609b-UAtHX1.receipt", [[606, 0], [735, 0], [898, 0], [969, 0], [692, 1], [806, 2]]]
["receipts-2/1494510161-2589d7fac465407bb5c56d59c8d9913b-9fd21e8a-XE1WB8.receipt", [[602, 0], [645, 0], [774, 0], [937, 0], [731, 1], [845, 2]]]
["receipts-2/1494510218-a27d8e60e4d94302a7743c7c533ef120-bffea100-G6jnQM.receipt", [[602, 0], [645, 0], [774, 0], [937, 0], [731, 1], [845, 2]]]
["receipts-2/1494510249-74fc4a36358644918f08a792ed0ae99d-ce2fada-C5A8wA.receipt", [[606, 0], [649, 0], [778, 0], [941, 0], [1012, 0], [735, 1], [849, 2]]]
["receipts-2/1494510304-44938ec7f1184f7892152f5c2c3f1eb2-7d0f0db0-GDFSQe.receipt", [[602, 0], [645, 0], [817, 0], [980, 0], [774, 1], [888, 2]]]
["receipts-2/1494510480-b89bcd45b2f6491281377fed36c251fe-dda476d5-IcQuCF.receipt", [[602, 0], [731, 0], [894, 0], [688, 1], [802, 2]]]
["receipts-2/1494510734-ba992b143a474b9b94ec748e7c011cdf-a9b8b9b5-qcqaPi.receipt", [[555, 0], [684, 0], [847, 0], [641, 1], [755, 2]]]
["receipts-2/1494512437-becac0d34b0b437c8e501b1eebbffce1-b42cfdb2-h1FDp8.receipt", [[606, 0], [864, 0], [1026, 0], [1098, 0], [821, 1], [935, 2]]]
["receipts-2/1494513323-037bb901775a4f8db83366748a9b0fff-7b676e04-SfypSq.receipt", [[606, 0], [735, 0], [897, 0], [968, 0], [692, 1], [806, 2]]]
["receipts-2/1494513487-74fc4a36358644918f08a792ed0ae99d-b333483d-D8VLsB.receipt", [[598, 0], [684, 0], [727, 0], [899, 0], [1062, 0], [856, 1], [970, 2]]]
["receipts-2/1494513537-18a52dc9d384414e902c1faf2138846a-3c6f9afc-vxPQz7.receipt", [[606, 0], [778, 0], [941, 0], [735, 1], [849, 2]]]
["receipts-2/1494514100-7fc6bd1ecfe7423c88aa796b8e8968dd-217593e1-B5KO5J.receipt", [[559, 0], [602, 0], [645, 0], [730, 0], [903, 0], [1066, 0], [860, 1], [974, 2]]]
["receipts-2/1494514529-a27d8e60e4d94302a7743c7c533ef120-40a115b7-y_WUCQ.receipt", [[606, 0], [649, 0], [821, 0], [983, 0], [1055, 0], [778, 1], [892, 2]]]
["receipts-2/1494514887-dfea93ad13e94f65a185c185e509f0a7-d1d6a5ea-u-9Fzj.receipt", [[602, 0], [731, 0], [817, 0], [946, 0], [1109, 0], [903, 1], [1017, 2]]]
["receipts-2/1494516114-b52323869eb744ad884ba7282ce5a1b9-28ca71b8-ZM6pAD.receipt", [[606, 0], [692, 0], [821, 0], [983, 0], [1054, 0], [778, 1], [892, 2]]]
["receipts-2/1494516385-ab08c8180c45410bb9cdd27e564141df-a630a2a5-_Nb90g.receipt", [[598, 0], [641, 0], [813, 0], [976, 0], [770, 1], [884, 2]]]
["receipts-2/1494516707-719e28f97bc7466ca6411b9ffb19885e-8d2dcc2a-pT9DNb.receipt", [[488, 0], [537, 0], [635, 0], [782, 0], [831, 0], [1026, 0], [1060, 0], [1241, 0], [1290, 0], [1339, 0], [733, 1], [929, 2]]]
["receipts-2/1494516905-5b9047d0e77a4c6eb8046504e47c824c-263f926e-ThvWoN.receipt", [[606, 0], [735, 0], [907, 0], [1070, 0], [1141, 0], [864, 1], [978, 2]]]
["receipts-2/1494517689-18a52dc9d384414e902c1faf2138846a-17bf37d7-S121-D.receipt", [[559, 0], [688, 0], [851, 0], [645, 1], [759, 2]]]
["receipts-2/1494517904-934a6e266d754148a5bc1e0de44019b5-9371c0e6-26heVF.receipt", [[602, 0], [645, 0], [774, 0], [937, 0], [731, 1], [845, 2]]]
["receipts-2/1494517941-98ceb2181eaa4c61a3aa2b28d05b25b1-aeeae3c-aVZhq5.receipt", [[598, 0], [641, 0], [684, 0], [727, 0], [856, 0], [1018, 0], [812, 1], [926, 2]]]
["receipts-2/1494518395-74fc4a36358644918f08a792ed0ae99d-43485f63-Bfv0t-.receipt", [[598, 0], [684, 0], [770, 0], [856, 0], [942, 0], [1114, 0], [1286, 0], [1448, 0], [1492, 0], [1242, 1], [1356, 2]]]
["receipts-2/1494519085-9c53f8c104dd4ec58ffa48cb7169eb47-8b475a81-L-WyGx.receipt", [[559, 0], [817, 0], [980, 0], [774, 1], [888, 2]]]
["receipts-2/1494519194-a81f7ccb51514f84bce80000af7a6b40-30fc4bf3-42bVdn.receipt", [[513, 0], [745, 0], [1096, 0], [1328, 0], [1593, 0], [1639, 0], [1700, 0], [1808, 0], [1856, 0], [1982, 0], [1995, 0], [2009, 0], [2999, 0], [3231, 0], [3582, 0], [3814, 0], [4125, 0], [4294, 0], [4342, 0], [4468, 0], [4481, 0], [4495, 0], [4079, 1], [4186, 2]]]
["receipts-2/1494519624-57a8114f3275470aad15bc490381aefb-f08f8a39-6Iy2yk.receipt", [[602, 0], [688, 0], [817, 0], [946, 0], [1109, 0], [903, 1], [1017, 2]]]
["receipts-2/1494519667-f4981baa03b74d47a5a99c88d2a21179-ca9f8437-5cT4CG.receipt", [[407, 0], [689, 0], [971, 0], [1253, 0], [1535, 0], [1816, 0], [2099, 0], [2382, 0], [2666, 0], [2947, 0], [3230, 0], [3513, 0], [3874, 0], [4043, 0], [4091, 0], [4138, 0], [4261, 0], [4275, 0], [4289, 0], [3828, 1], [3935, 2]]]
["receipts-2/1494519681-98ceb2181eaa4c61a3aa2b28d05b25b1-1a1a32d-eMnTfB.receipt", [[606, 0], [649, 0], [692, 0], [821, 0], [983, 0], [1055, 0], [778, 1], [892, 2]]]
["receipts-2/1494519688-a3600d106e254a9c97950550eba6bc9f-498948a1--_-EAp.receipt", [[402, 0], [686, 0], [973, 0], [1258, 0], [1543, 0], [1945, 0], [2257, 0], [2425, 0], [2594, 0], [2718, 0], [2733, 0], [2747, 0], [2211, 1], [2317, 2]]]
["receipts-2/1494519840-166ad40206994438bec185b2b6170459-3597ce5-_nbOO6.receipt", [[386, 0], [669, 0], [952, 0], [1234, 0], [1519, 0], [1880, 0], [2047, 0], [2093, 0], [2261, 0], [2386, 0], [2400, 0], [2414, 0], [1834, 1], [1939, 2]]]
["receipts-2/1494520120-c973dce8c4254a0baa2f0079673a2b93-b60e0d17-94-rQq.receipt", [[401, 0], [685, 0], [967, 0], [1249, 0], [1531, 0], [1813, 0], [2095, 0], [2377, 0], [2659, 0], [3019, 0], [3185, 0], [3233, 0], [3279, 0], [3403, 0], [3418, 0], [3432, 0], [2973, 1], [3078, 2]]]
["receipts-2/1494520158-12780683803e4741b201708c0d154eb4-5eafff20-kqkbwB.receipt", [[606, 0], [649, 0], [778, 0], [941, 0], [1012, 0], [735, 1], [849, 2]]]
["receipts-2/1494520384-8ab7f3558e31484db4c7022c3d9413a3-f9f81695-jddVVp.receipt", [[413, 0], [744, 0], [1075, 0], [1484, 0], [1652, 0], [1794, 0], [1917, 0], [1933, 0], [1946, 0], [1439, 1], [1544, 2]]]
["receipts-2/1494520434-2cccdd84366c498a866a75d0a2d9416e-99f2a894-c7Brb8.receipt", [[417, 0], [503, 0], [632, 0], [754, 0], [461, 1], [583, 2]]]
["receipts-2/1494521233-cb74ee0d4ae44217a44c16b6720ef210-5a2fcc2-s5iI6N.receipt", [[407, 0], [769, 0], [936, 0], [984, 0], [1029, 0], [1154, 0], [1169, 0], [1182, 0], [724, 1], [829, 2]]]
["receipts-2/1494521236-166ad40206994438bec185b2b6170459-4312bede-FcwMQl.receipt", [[386, 0], [747, 0], [915, 0], [963, 0], [1008, 0], [1132, 0], [1147, 0], [1160, 0], [702, 1], [807, 2]]]
["receipts-2/1494521324-b9f285f0c8514753b2e399d4f1ef20b8-b270a306--5G--z.receipt", [[404, 0], [689, 0], [974, 0], [1333, 0], [1501, 0], [1670, 0], [1794, 0], [1809, 0], [1823, 0], [1287, 1], [1393, 2]]]
["receipts-2/1494522003-cd959760dc9e415a85578056766835f5-1b2ed195-XgXDje.receipt", [[405, 0], [686, 0], [1045, 0], [1213, 0], [1382, 0], [1507, 0], [1521, 0], [1535, 0], [999, 1], [1105, 2]]]
["receipts-2/1494522023-6b64425e8ca84815a48cba63db1e7555-3c157b77-24paH6.receipt", [[606, 0], [821, 0], [1036, 0], [1337, 0], [1499, 0], [1571, 0], [1293, 1], [1407, 2]]]
["receipts-2/1494522125-3b718054a6d94d2e95d28722cd676d5d-c3cc3c5a-VIzaC1.receipt", [[409, 0], [771, 0], [938, 0], [986, 0], [1031, 0], [1156, 0], [1171, 0], [1184, 0], [726, 1], [831, 2]]]
["receipts-2/1494522217-3d007ad238594bb3969a25f90cd13d53-bfe6b943-LS7H6R.receipt", [[346, 0], [476, 0], [722, 0], [853, 0], [1179, 0], [1439, 0], [1487, 0], [1532, 0], [1656, 0], [1671, 0], [1685, 0], [1133, 1], [1239, 2]]]
["receipts-2/1494522465-142049b57b7c4e8e80e5a3177b0d353c-73b8433-l72xop.receipt", [[390, 0], [451, 0], [494, 0], [599, 0], [738, 0], [863, 0], [556, 1], [687, 2]]]
["receipts-2/1494522635-ba992b143a474b9b94ec748e7c011cdf-e750d741-zvX_BU.receipt", [[555, 0], [598, 0], [683, 0], [856, 0], [1019, 0], [813, 1], [927, 2]]]
["receipts-2/1494522890-12780683803e4741b201708c0d154eb4-55b26a31-jGv4qG.receipt", [[602, 0], [645, 0], [774, 0], [937, 0], [731, 1], [845, 2]]]
["receipts-2/1494523006-e42fcbbce9f94c25b3a7b62e146b2bb4-ec5493f7-s0Qx9a.receipt", [[539, 0], [804, 0], [850, 0], [911, 0], [1019, 0], [1067, 0], [1194, 0], [1206, 0], [1220, 0], [2319, 0], [2630, 0], [2799, 0], [2847, 0], [2974, 0], [2986, 0], [3000, 0], [2584, 1], [2691, 2]]]
["receipts-2/1494523275-f9b3d43a241f4418965839c76415f26c-be504351-1qcB8D.receipt", [[379, 0], [664, 0], [949, 0], [1234, 0], [1593, 0], [1760, 0], [1929, 0], [2053, 0], [2068, 0], [2082, 0], [1547, 1], [1652, 2]]]
["receipts-2/1494523308-cc3d64e61f52482c914d59e6f0d14960-c771a795-uVcjwF.receipt", [[540, 0], [771, 0], [1036, 0], [1082, 0], [1143, 0], [1251, 0], [1299, 0], [1426, 0], [1438, 0], [1452, 0], [3064, 0], [3295, 0], [3606, 0], [3775, 0], [3823, 0], [3950, 0], [3962, 0], [3976, 0], [3560, 1], [3667, 2]]]
["receipts-2/1494523475-2cccdd84366c498a866a75d0a2d9416e-c5d3bc34-BpPjBd.receipt", [[417, 0], [525, 0], [653, 0], [737, 0], [483, 1], [605, 2]]]
["receipts-2/1494523854-1024df1193194d8aa0f02a8cce512530-82eed0b8-3sASvV.receipt", [[606, 0], [993, 0], [1036, 0], [1079, 0], [1208, 0], [1370, 0], [1442, 0], [1164, 1], [1278, 2]]]
["receipts-2/1494523939-cb74ee0d4ae44217a44c16b6720ef210-418a2fd-VaD4fd.receipt", [[406, 0], [691, 0], [977, 0], [1261, 0], [1545, 0], [1829, 0], [2112, 0], [2476, 0], [2642, 0], [2690, 0], [2737, 0], [2861, 0], [2875, 0], [2889, 0], [2430, 1], [2535, 2]]]
["receipts-2/1494524116-b27eb6d5819a4a529631fcebd66985a0-755b87f5-Tlc3e9.receipt", [[540, 0], [771, 0], [1004, 0], [1268, 0], [1314, 0], [1375, 0], [1483, 0], [1531, 0], [1657, 0], [1670, 0], [1684, 0], [2701, 0], [2932, 0], [3165, 0], [3475, 0], [3644, 0], [3692, 0], [3818, 0], [3831, 0], [3845, 0], [3429, 1], [3536, 2]]]
["receipts-2/1494524221-f4981baa03b74d47a5a99c88d2a21179-2c8bc1b8-Az2CaU.receipt", [[407, 0], [767, 0], [935, 0], [1104, 0], [1227, 0], [1243, 0], [1256, 0], [722, 1], [827, 2]]]
["receipts-2/1494524304-58d88fcf3d4b4bfca22bda7991f1a3c3-3858a3a4-kA18Oo.receipt", [[555, 0], [684, 0], [847, 0], [641, 1], [755, 2]]]
["receipts-2/1494524428-f3df3069de784921ac364e6bf8816950-5424f494-8H9IGY.receipt", [[598, 0], [684, 0], [770, 0], [942, 0], [1105, 0], [899, 1], [1013, 2]]]
["receipts-2/1494524436-f4981baa03b74d47a5a99c88d2a21179-1d0f9943-LZJY-b.receipt", [[407, 0], [689, 0], [970, 0], [1253, 0], [1536, 0], [1898, 0], [2066, 0], [2235, 0], [2359, 0], [2374, 0], [2388, 0], [1852, 1], [1958, 2]]]
["receipts-2/1494524578-60856348a2544273a2099774fddf2034-7f13d4f-we_4Y_.receipt", [[543, 0], [774, 0], [1006, 0], [1238, 0], [1471, 0], [1703, 0], [1935, 0], [2166, 0], [2399, 0], [2663, 0], [2709, 0], [2770, 0], [2878, 0], [3049, 0], [3177, 0], [3189, 0], [3203, 0], [4818, 0], [5049, 0], [5281, 0], [5513, 0], [5746, 0], [5978, 0], [6210, 0], [6441, 0], [6674, 0], [6984, 0], [7153, 0], [7324, 0], [7452, 0], [7464, 0], [7478, 0], [6938, 1], [7045, 2]]]
["receipts-2/1494524726-5ab7c1fbd35d4f899234a14fd8fe66e5-7b717ccd-YKJZSm.receipt", [[398, 0], [518, 0], [645, 0], [770, 0], [475, 1], [600, 2]]]
["receipts-2/1494524751-2589d7fac465407bb5c56d59c8d9913b-6252057-6yFkb1.receipt", [[606, 0], [692, 0], [778, 0], [950, 0], [1112, 0], [1184, 0], [907, 1], [1020, 2]]]
["receipts-2/1494524791-cd959760dc9e415a85578056766835f5-32cc15fa-wDrQ6c.receipt", [[405, 0], [764, 0], [932, 0], [1101, 0], [1225, 0], [1240, 0], [1253, 0], [719, 1], [824, 2]]]
["receipts-2/1494524983-12780683803e4741b201708c0d154eb4-4b5801f0-lxPNxx.receipt", [[598, 0], [727, 0], [890, 0], [684, 1], [798, 2]]]
["receipts-2/1494525001-54bb1ec6af8d42bcb490a5205742a3a1-2d412812-lTeUo_.receipt", [[402, 0], [687, 0], [972, 0], [1335, 0], [1503, 0], [1672, 0], [1796, 0], [1811, 0], [1825, 0], [1289, 1], [1395, 2]]]
["receipts-2/1494525226-5c81532bc01b43faa79d203b2d8e793d-118c30e4-I7bPx-.receipt", [[539, 0], [804, 0], [850, 0], [911, 0], [1019, 0], [1190, 0], [1317, 0], [1329, 0], [1343, 0], [2954, 0], [3265, 0], [3434, 0], [3605, 0], [3732, 0], [3744, 0], [3758, 0], [3219, 1], [3326, 2]]]
["receipts-2/1494525252-b0840b5590544b4a884ece313b94678b-ba7f0aec-c2H4s1.receipt", [[515, 0], [780, 0], [825, 0], [886, 0], [994, 0], [1138, 0], [1263, 0], [1277, 0], [1290, 0], [2282, 0], [2592, 0], [2761, 0], [2905, 0], [3030, 0], [3044, 0], [3057, 0], [2547, 1], [2653, 2]]]
["receipts-2/1494525500-b0840b5590544b4a884ece313b94678b-95a83caf-S9oHfz.receipt", [[515, 0], [780, 0], [825, 0], [886, 0], [994, 0], [1042, 0], [1168, 0], [1181, 0], [1194, 0], [2186, 0], [2496, 0], [2665, 0], [2713, 0], [2839, 0], [2852, 0], [2865, 0], [2451, 1], [2557, 2]]]
["receipts-2/1494525548-761b02b909eb48d3860cc682b6ef608b-2b9e3e87-4KuvQF.receipt", [[396, 0], [585, 0], [670, 0], [866, 0], [1323, 0], [494, 1], [768, 2]]]
["receipts-2/1494525888-753e802b81c94a86b15b836726488e03-c35047b0-_OZ2G1.receipt", [[424, 0], [705, 0], [986, 0], [1267, 0], [1548, 0], [1829, 0], [2227, 0], [2459, 0], [2691, 0], [2923, 0], [3154, 0], [3387, 0], [3737, 0], [3969, 0], [4233, 0], [4279, 0], [4340, 0], [4448, 0], [4496, 0], [4623, 0], [4635, 0], [4649, 0], [6145, 0], [6426, 0], [6707, 0], [6988, 0], [7269, 0], [7550, 0], [7948, 0], [8180, 0], [8412, 0], [8644, 0], [8875, 0], [9108, 0], [9458, 0], [9690, 0], [10000, 0], [10169, 0], [10217, 0], [10344, 0], [10356, 0], [10370, 0], [9954, 1], [10061, 2]]]
["receipts-2/1494525903-cc3d64e61f52482c914d59e6f0d14960-1d25805d-kY-xRw.receipt", [[404, 0], [540, 0], [744, 0], [1025, 0], [1305, 0], [1588, 0], [1869, 0], [2150, 0], [2548, 0], [2780, 0], [3012, 0], [3324, 0], [3584, 0], [3753, 0], [3878, 0], [3892, 0], [3906, 0], [3278, 1], [3384, 2]]]
["receipts-2/1494525993-66642aa7921f40c18ce3ac96aa6883c9-1e705361-0HSPxd.receipt", [[410, 0], [691, 0], [1087, 0], [1400, 0], [1568, 0], [1710, 0], [1834, 0], [1849, 0], [1862, 0], [1355, 1], [1460, 2]]]
["receipts-2/1494526227-140dcc675f0b4e58b42861b56121a2fb-5868578-XgajlH.receipt", [[559, 0], [774, 0], [817, 0], [902, 0], [1032, 0], [988, 1], [1194, 2]]]
["receipts-2/1494526347-22d5b0ee83484cf384751e122a7b6fab-6b2997b6-u8ylJ7.receipt", [[437, 0], [695, 0], [858, 0], [652, 1], [766, 2]]]
["receipts-2/1494526348-9c53f8c104dd4ec58ffa48cb7169eb47-e96a24e-RMT2y_.receipt", [[559, 0], [645, 0], [731, 0], [860, 0], [1023, 0], [817, 1], [931, 2]]]
["receipts-2/1494526555-d6a3d6ef8df54060936ba70fa58bda28-b718a42f-XZQtqg.receipt", [[382, 0], [667, 0], [1030, 0], [1198, 0], [1246, 0], [1292, 0], [1415, 0], [1430, 0], [1444, 0], [984, 1], [1090, 2]]]
["receipts-2/1494526942-c3f545dad49742199b460e3a612f0278-13e37a20-TAhOeB.receipt", [[379, 0], [661, 0], [1024, 0], [1192, 0], [1240, 0], [1286, 0], [1410, 0], [1424, 0], [1438, 0], [978, 1], [1084, 2]]]
["receipts-2/1494527059-12780683803e4741b201708c0d154eb4-219afd52-scmY9j.receipt", [[602, 0], [645, 0], [688, 0], [731, 0], [860, 0], [1023, 0], [817, 1], [931, 2]]]
["receipts-2/1494527240-5993ad73555f417a94414851db7255a0-de23c2c4-F8ppmh.receipt", [[192, 0], [203, 0], [255, 0], [266, 0], [310, 0], [321, 0], [368, 0], [379, 0], [436, 0], [447, 0], [501, 0], [512, 0], [601, 0], [528, 1], [582, 2]]]
["receipts-2/1494528112-753e802b81c94a86b15b836726488e03-a96c79eb-4Vw59Q.receipt", [[400, 0], [761, 0], [929, 0], [1098, 0], [1223, 0], [1237, 0], [1251, 0], [715, 1], [821, 2]]]
["receipts-2/1494528142-8ab7f3558e31484db4c7022c3d9413a3-3fd75716-ipt3CZ.receipt", [[413, 0], [697, 0], [1062, 0], [1230, 0], [1278, 0], [1323, 0], [1447, 0], [1462, 0], [1476, 0], [1016, 1], [1122, 2]]]
["receipts-2/1494528214-44938ec7f1184f7892152f5c2c3f1eb2-f1323485-kLKBIX.receipt", [[563, 0], [606, 0], [692, 0], [735, 0], [864, 0], [1026, 0], [1098, 0], [820, 1], [934, 2]]]
["receipts-2/1494528292-6802553453cb4906959b27ff70a31b9e-89d4077-WpfMVL.receipt", [[555, 0], [598, 0], [641, 0], [684, 0], [727, 0], [812, 0], [985, 0], [1147, 0], [942, 1], [1055, 2]]]
["receipts-2/1494528354-12780683803e4741b201708c0d154eb4-d2bc5674-fRhxTo.receipt", [[598, 0], [684, 0], [770, 0], [942, 0], [1028, 0], [1415, 0], [1577, 0], [1371, 1], [1485, 2]]]
["receipts-2/1494528479-4e255ea3bb684b43b9fe06a08ed4b6cf-cf92e80b-mN23hI.receipt", [[559, 0], [989, 0], [1152, 0], [946, 1], [1060, 2]]]
["receipts-2/1494528948-69f7bb02114546b2a7845f71362d882f-b847fe56-jtNrod.receipt", [[406, 0], [448, 0], [490, 0], [576, 0], [716, 0], [800, 0], [534, 1], [665, 2]]]
["receipts-2/1494529602-57a8114f3275470aad15bc490381aefb-e6c71da5-gX3tKp.receipt", [[606, 0], [864, 0], [1251, 0], [1413, 0], [1485, 0], [1207, 1], [1321, 2]]]
["receipts-2/1494529893-b6e18c5b33934704bc0efd971def386f-f6339223-ZdJFAG.receipt", [[417, 0], [567, 0], [695, 0], [779, 0], [525, 1], [483, 1], [647, 2]]]
["receipts-2/1494529972-3948ad68d80e4b8dacce3ddc29a65b79-1793a9fe-J7BYoH.receipt", [[597, 0], [639, 0], [683, 0], [812, 0], [974, 0], [768, 1], [882, 2]]]
["receipts-2/1494530000-9c53f8c104dd4ec58ffa48cb7169eb47-4f964e33-TSlBRr.receipt", [[606, 0], [1079, 0], [1242, 0], [1036, 1], [1150, 2]]]
["receipts-2/1494530473-6ffb64e5565b4a5c803cd1eba708926e-d0e04e26-AwRtxe.receipt", [[598, 0], [641, 0], [726, 0], [856, 0], [1018, 0], [1089, 0], [813, 1], [927, 2]]]
["receipts-2/1494530510-b0840b5590544b4a884ece313b94678b-5c7a2399-OeWZcY.receipt", [[514, 0], [747, 0], [979, 0], [1210, 0], [1475, 0], [1521, 0], [1582, 0], [1690, 0], [1834, 0], [1961, 0], [1973, 0], [1987, 0], [2978, 0], [3211, 0], [3443, 0], [3674, 0], [3985, 0], [4154, 0], [4298, 0], [4425, 0], [4437, 0], [4451, 0], [3939, 1], [4046, 2]]]
["receipts-2/1494530732-23ec2d9efd994fce8d42877db07eda02-6acd3a6b-ierH1u.receipt", [[555, 0], [770, 0], [1028, 0], [1243, 0], [1286, 0], [1371, 0], [1501, 0], [1663, 0], [1734, 0], [1457, 1], [1571, 2]]]
["receipts-2/1494531157-a81f7ccb51514f84bce80000af7a6b40-99da9c97-qhdgAf.receipt", [[376, 0], [658, 0], [940, 0], [1222, 0], [1504, 0], [1786, 0], [2067, 0], [2429, 0], [2597, 0], [2645, 0], [2691, 0], [2814, 0], [2829, 0], [2843, 0], [2383, 1], [2489, 2]]]
["receipts-2/1494531188-69f7bb02114546b2a7845f71362d882f-1e39ea52-t77QyJ.receipt", [[421, 0], [507, 0], [647, 0], [730, 0], [465, 1], [596, 2]]]
["receipts-2/1494531427-e72608fb4b2b458caea9eda38c24dcb1-da15d30d-tA9QO7.receipt", [[357, 0], [631, 0], [954, 0], [988, 0], [1216, 0], [1265, 0], [1314, 0], [582, 1], [856, 2]]]
["receipts-2/1494531472-fdd890a84b834b66b625c76259bdfa39-c6e775c7-N5gcEv.receipt", [[598, 0], [727, 0], [890, 0], [684, 1], [798, 2]]]
["receipts-2/1494531758-cc3d64e61f52482c914d59e6f0d14960-5dd1b99b-c1yDZ8.receipt", [[458, 0], [595, 0], [799, 0], [936, 0], [1141, 0], [1500, 0], [1761, 0], [1930, 0], [2055, 0], [2069, 0], [2083, 0], [1454, 1], [1560, 2]]]
["receipts-2/1494531774-fa3ddaebe2ed4f24b089b9ea49caadff-bafb4b74-xUtkPJ.receipt", [[405, 0], [687, 0], [1047, 0], [1215, 0], [1263, 0], [1309, 0], [1432, 0], [1447, 0], [1461, 0], [1001, 1], [1107, 2]]]
["receipts-2/1494531842-167c2a9334f84549a9bf84c90399d8ea-97d2e12d-C4ouLh.receipt", [[553, 0], [682, 0], [725, 0], [811, 0], [983, 0], [1145, 0], [1189, 0], [1231, 0], [1360, 0], [939, 1], [1053, 2]]]
["receipts-2/1494531997-968ab56d5ec144bf8695d6c230d6b604-35571a36-YzEPBl.receipt", [[392, 0], [520, 0], [660, 0], [792, 0], [478, 1], [436, 1], [609, 2]]]
["receipts-2/1494532003-8187d00c412847f9a686088deb19dec1-418add6b-N11UkT.receipt", [[411, 0], [774, 0], [942, 0], [1111, 0], [1235, 0], [1251, 0], [1264, 0], [729, 1], [834, 2]]]
["receipts-2/1494532079-a81f7ccb51514f84bce80000af7a6b40-72d48adf-LkAqAJ.receipt", [[513, 0], [778, 0], [824, 0], [885, 0], [993, 0], [1041, 0], [1167, 0], [1180, 0], [1194, 0], [2184, 0], [2495, 0], [2664, 0], [2712, 0], [2838, 0], [2851, 0], [2865, 0], [2449, 1], [2556, 2]]]
["receipts-2/1494532362-8187d00c412847f9a686088deb19dec1-cc683e4c-RMeIRw.receipt", [[410, 0], [697, 0], [982, 0], [1267, 0], [1630, 0], [1798, 0], [1967, 0], [2091, 0], [2106, 0], [2120, 0], [1584, 1], [1690, 2]]]
["receipts-2/1494532654-14de7f2d86c445e0a84c16f400ed84e2-d31f03f5-KAFKCg.receipt", [[517, 0], [782, 0], [828, 0], [889, 0], [997, 0], [1045, 0], [1172, 0], [1184, 0], [1198, 0], [2192, 0], [2503, 0], [2672, 0], [2720, 0], [2847, 0], [2859, 0], [2873, 0], [2457, 1], [2564, 2]]]
["receipts-2/1494533059-0ace268b5eeb489193c80be2a559a0d4-691efdc3-4rad6l.receipt", [[393, 0], [468, 0], [526, 0], [618, 0], [791, 0], [833, 0], [875, 0], [1002, 0], [1126, 0], [707, 1], [748, 1], [957, 2]]]
["receipts-2/1494533272-8fcf3d38daf74dc6a1f85971762bc206-6caf1c57-FYvHIm.receipt", [[376, 0], [658, 0], [1021, 0], [1188, 0], [1236, 0], [1361, 0], [1375, 0], [1389, 0], [975, 1], [1080, 2]]]
